4 133 194 220 165
3 186 117 11
3 168 125 164
2 5 108
4 178 142 210 153
3 277 131 221
5 135 73 198 56 227
2 172 280
4 152 208 160 91
2 250 248
2 154 105
3 214 271 128
2 260 10
3 55 29 285
2 80 14
2 12 64
5 176 127 272 201 90
4 281 251 84 147
2 156 43
3 87 161 302
1 52
2 181 228
2 211 169
2 192 180
3 296 207 137
4 126 121 143 223
3 97 301 213
2 49 47
2 72 188
3 138 166 139
2 273 85
3 197 6 65
2 4 17
2 243 35
3 40 132 16
2 146 53
4 275 239 42 278
3 232 175 203
2 236 149
3 100 287 88
4 189 13 82 289
2 282 274
4 234 200 66 136
2 50 206
2 265 270
3 254 114 216
2 209 92
4 259 256 242 61
4 129 257 174 95
4 123 79 264 297
2 33 86
2 300 98
4 291 9 22 299
3 20 246 124
3 218 101 263
3 103 104 151
3 255 112 276
3 69 19 75
3 231 238 31
4 157 89 233 60
2 283 94
2 179 212
4 46 96 116 3
2 74 217
3 145 24 215
2 195 134
3 148 225 279
2 107 159
3 70 28 41
2 185 45
2 62 99
1 144
2 158 162
3 58 150 244
2 155 247
3 118 141 7
2 292 59
3 15 120 229
3 54 25 63
4 109 93 177 293
2 267 77
2 81 173
3 295 235 262
3 253 286 18
4 245 122 193 261
3 269 51 106
3 34 30 196
2 226 252
3 199 32 230
3 268 204 130
3 241 76 110
3 258 163 288
3 23 21 83
3 202 240 71
3 38 290 249
3 222 67 191
3 184 266 140
3 115 205 284
4 294 298 27 78
4 48 8 26 190