18 19092 16122 13001 14037 17354 11182 16581 15946 11257 15068 17977 12010 17657 10966 16877 18207 10396 15365
10 13872 15777 14234 10561 17507 10749 12278 16130 20217 12741
8 15975 18422 17355 12151 17129 14434 11123 15148
17 16414 16898 20014 14475 11347 17336 13412 17023 15035 12797 13933 11031 11043 13147 18221 15076 13419
17 19775 19111 10392 14484 12950 15578 17275 20094 12332 12388 14875 15401 17194 14210 15775 14315 13458
22 19153 17713 19426 18757 14765 18283 15503 15422 11395 11427 13893 20028 17922 13716 18976 15611 15442 17229 15154 14428 18052 17580
10 18325 20085 14201 12196 13660 13474 15589 11857 16989 16035
15 12961 17739 11961 13228 14807 16976 16230 15024 15891 13106 12796 14676 14513 15048 17509
19 18680 18347 12488 10965 10491 16751 15162 11910 18284 16633 14325 16612 16522 18983 12043 19234 19136 16083 10409
13 17526 19620 12805 20256 10371 13359 15831 19362 14421 18350 10581 15677 18722
19 11242 11283 18440 18611 17486 10951 13265 13851 18903 12979 11006 16527 18424 16259 13792 16601 18091 13440 16766
20 19779 15758 15032 17600 13118 10876 19429 14240 18211 18621 12306 13931 19478 17706 19439 16755 13766 18112 18906 13159
18 13649 18977 16226 17284 18294 14260 15424 11194 13010 11406 12786 13890 19320 10442 12127 11217 14772 12340
20 12811 11209 17314 18209 13211 14253 11903 15772 16078 13127 19335 14109 13055 19615 20202 14771 12153 15001 17450 11085
21 17173 15950 15031 12128 11475 15456 16809 15387 18801 13498 18561 18011 12256 12478 20070 15773 11169 13382 17664 18317 10943
27 13116 20241 18514 19580 15854 18498 16804 15586 12526 11962 18661 17557 15658 16233 18954 19653 12500 17403 18734 17029 16986 14177 18467 19404 12288 12344 13083
22 17744 16291 15126 12946 10404 14664 14419 16123 16447 19891 13880 19719 19698 14521 14099 20086 17033 15776 17183 19174 15913 16217
21 15889 11507 11902 19610 13067 19569 10947 10763 14912 12872 17515 14304 14147 14285 18602 15723 19417 12648 13746 10879 16384
20 11713 13638 14174 15055 18433 14813 18572 11366 13053 19881 12598 19956 15652 14672 17177 10425 14150 14524 13608 12100
16 12232 14749 18121 17246 13974 11810 12152 11787 13575 16304 16567 11589 12440 14729 16763 11724
23 11437 14360 10838 10905 10568 16720 13158 16856 19037 13937 16143 11957 14491 19416 16232 13909 12059 11315 10505 19046 12467 15531 17389
10 19629 17952 14843 16934 18442 16803 15041 20128 17056 17867
17 17352 18666 11728 14711 17909 19285 11335 19966 12396 10842 12643 13719 17312 10497 16526 18948 17689
27 10445 18699 15788 15221 12896 18961 17442 14014 17363 18825 13901 13784 20249 19578 14116 13662 14894 15483 14885 16107 17687 17599 12544 18965 19551 19660 18001
13 11861 18288 17866 19563 11325 15573 19300 12898 18795 12902 18451 17574 12149
14 19839 18061 13527 13249 10896 13047 13064 16858 15051 11116 17964 19968 17328 12512
18 18372 11533 19749 19432 10940 17880 11522 20302 14318 20168 18002 13758 13515 11350 16750 11256 15437 11070
18 16144 16390 16748 16053 19831 12067 19396 14258 11974 16420 11034 17655 17873 20182 20129 19524 12837 14718
18 14427 18017 13991 14608 18519 14065 11432 20164 16456 15270 15488 11716 10508 14003 19166 12402 10895 19331
16 12420 15265 18394 15698 16626 12932 13759 17974 15893 19274 15724 11532 12611 14431 11696 16634
20 11341 14754 18299 12403 15271 19222 13986 14907 15497 18979 18044 15322 18037 19053 10456 11751 16514 11262 17030 19950
20 11515 10389 18950 18806 16724 19925 20176 10443 17892 11024 12529 19825 13885 17575 13848 17057 10498 13953 12733 20278
14 12511 13122 14380 11798 17564 17460 14028 16579 12078 18537 19919 17401 19127 15924
14 13920 14163 19686 15866 15762 20208 19009 19427 14112 13171 17263 15319 11989 14221
14 11453 15358 11873 12824 15434 17377 19019 16065 12762 12330 11271 18063 10830 10326
24 15547 12168 17653 10741 15399 15834 17084 12239 18222 16631 16964 16606 14637 18224 14263 15107 18816 16700 14471 15245 12270 18837 12012 11292
25 18520 17320 14083 17148 14702 14217 18417 11786 17267 16562 15220 17752 12918 15828 13565 10813 19466 16747 12703 10973 15513 14053 11501 13468 14712
21 18434 18202 15299 13006 11415 16277 14036 13686 13841 11470 13740 18975 13709 15992 18084 18334 14660 12284 10812 14703 14878
12 14965 15596 20153 15542 19604 17295 15252 19041 13596 14988 15017 19301
10 10929 11213 13150 18875 17003 17073 16400 15927 20106 11443
20 13921 12843 17179 16136 10354 10692 16387 11053 16860 13704 12154 11999 20261 17374 19066 10345 14762 17102 18874 14467
18 12251 17434 17538 15734 18191 11848 18024 15536 14501 12070 17113 14346 16388 11727 12051 15426 14844 18014
20 15846 12546 14352 13980 20259 15231 12218 11218 16176 16219 19670 19189 19199 11328 17058 12667 19516 15475 11340 14801
22 12472 15093 14094 15116 18399 19245 14719 16264 17252 14067 18158 10894 11760 18235 16781 13071 18919 13162 13424 17096 18210 13311
25 14186 11450 11066 12367 14859 19903 12775 13956 19410 11636 12331 18355 15150 12586 17680 12235 17298 10415 17913 13801 17207 13531 11124 11472 18656
13 12466 14151 13050 17473 18483 16403 16006 13192 11191 16092 11266 15781 14507
13 16797 17727 16192 18349 11545 17825 14537 16928 15080 14295 16443 19290 13805
12 15194 17889 12310 20160 11411 12197 17039 11749 11439 10937 16886 15829
18 16366 17247 11591 11377 20117 17356 17910 16665 11466 15205 15015 18827 10406 18094 18290 12123 19915 12707
19 14841 18707 14627 17099 13271 14624 10482 17789 18272 12188 12279 20197 19279 11894 16028 12199 16127 12162 18049
13 14546 16708 12640 17505 14435 13469 18980 16250 16963 17597 11540 17736 13365
24 17476 13558 18688 13915 17979 13446 16790 15921 17334 17458 12802 15663 11074 17017 14710 17397 19550 13643 16097 18227 17500 17578 17795 17050
20 14406 13315 16515 17018 10604 11583 19668 15509 10529 18536 16923 18815 18156 14583 16529 20146 12355 17777 18796 17640
23 16782 12583 16281 12761 17236 17430 19646 11050 15539 17069 15455 13394 19223 14283 16808 18010 14538 12924 18854 19463 13753 17302 15391
20 16488 18766 12726 11005 11059 18445 17620 13098 15668 12645 18228 10638 15435 19991 16323 13654 19886 16981 19533 12378
19 19733 11052 14460 11214 19005 20235 15845 12706 14876 20104 18617 12130 12947 17149 13876 17015 13448 11193 10430
17 16770 11865 19262 15599 10825 16927 19539 12920 11101 16690 15519 18847 16656 11374 18169 11001 10881
19 12576 19938 19917 15836 19643 12202 19823 18039 19079 13214 18735 13355 16629 19413 15376 16983 19511 14514 11471
19 18604 18304 14443 11073 12241 18262 10782 17794 19611 11234 12253 15908 12890 17720 15013 11613 11077 10839 11270
19 19260 14614 14506 12901 13578 13555 17926 13599 12825 20131 14963 14850 17394 19710 17011 19877 15379 19380 14209
24 18846 15752 17092 16667 15749 18700 17784 15944 18658 15060 15369 10378 17094 17504 19473 20232 11643 13811 18004 18719 12710 17932 10672 19688
23 19632 15739 18674 18208 19870 19503 19694 14235 18153 11577 13770 15502 15799 13806 14370 17081 19581 12804 11620 11915 16977 12398 11174
13 19224 16157 11905 18271 14822 13130 19963 11665 10696 14118 16929 11281 17054
17 19876 19187 12002 16114 18339 13782 14214 19626 14123 16732 16863 12661 17433 16666 14697 17103 13810
22 15258 20024 17712 12986 19194 18403 18359 19402 12132 15936 14458 11026 18379 16152 10380 17200 17088 18819 17277 17710 14284 18651
16 17396 13414 14642 11216 12738 15480 12006 16009 19035 15277 18842 15470 17310 19219 18637 14604
15 14489 16906 15848 13691 11091 14187 18746 12670 15362 17520 13631 14842 16212 17185 10870
23 13683 12201 15894 14667 12610 19945 12111 15974 11700 18799 14977 11314 10985 11158 14144 11617 16642 19763 15494 12849 17644 18462 11319
21 18357 20039 16625 16496 18292 18559 14607 13456 18198 16871 10590 18226 17366 19113 14824 17938 11819 16018 18182 14826 14212
16 14272 17220 17415 19911 16411 15117 11809 11379 19996 13179 13642 19624 11364 10847 18968 15459
13 17361 19802 18694 14873 14245 17004 18129 13861 18625 16039 16288 15364 12593
22 18457 14871 17345 14611 17005 17593 10336 15741 16880 20186 15499 17925 12765 18872 20042 11645 15326 12050 14643 17218 13178 15472
12 15804 12212 19038 13301 15881 18926 14540 15552 15386 10927 12250 15570
15 19683 15189 17571 14902 13609 12799 12585 14863 19651 16859 16915 18924 19220 18275 17835
16 15909 14195 13862 10794 16897 15770 10532 12011 14445 13520 19337 12856 10427 11127 15042 17884
18 15673 11423 12853 17772 15454 14574 14609 15417 19821 15235 19358 14838 16214 16089 18763 11998 12357 19535
24 16162 10993 18477 19971 10611 14979 10317 15341 12033 11181 12315 16939 18620 17162 19116 14265 16070 13016 15608 19603 11491 17384 15339 19882
28 14288 19972 10901 13553 18124 11164 12045 14326 13467 13668 15704 19630 20169 14215 18684 19383 20291 20009 18773 16678 18731 15219 20103 19601 17876 19819 15925 11092
26 19003 20084 14344 17175 13273 15359 14125 11392 11359 17874 18589 15489 18123 14176 17859 10689 11774 12571 17523 20081 12531 12910 18414 16481 17008 12276
20 14925 10309 11387 19501 19251 10376 19717 13743 16691 15591 11422 10419 19954 19451 16628 17953 17608 14794 14780 19075
21 13562 17311 10644 20074 14716 14106 19015 11544 19401 12341 19425 12394 12518 15303 13554 12883 17565 15675 18540 10480 18088
22 18098 18568 15956 15398 15163 15237 15286 16711 18068 14884 10823 11458 12639 11277 13246 10428 17949 14276 20183 15021 16692 13280
16 11603 16391 15614 19639 13625 14202 17138 15715 10824 12887 15173 14820 16317 20270 19386 10795
22 13324 12819 16439 19211 19319 17260 11402 19655 13428 14644 19491 18473 13698 20205 12185 18952 11623 19723 12094 15784 18340 13657
24 15874 20280 10316 20090 18880 19918 13604 19203 17007 19561 17674 18555 15670 10636 18835 14196 14790 17481 12179 16367 14322 15224 15911 11198
12 12528 18635 18166 11653 16225 13795 16076 15275 19833 14950 17171 15601
14 18921 17372 18280 12992 14008 14019 14449 19556 19239 15153 11594 19144 14127 15156
19 17707 18855 11251 13929 19197 15054 20210 16045 15043 19521 17854 17101 10815 12064 16037 15397 11946 17490 15865
20 14423 19523 18106 11487 13492 13546 10721 17062 12542 14882 15719 11244 18178 11685 18432 17891 18443 14954 10653 10416
14 16026 11396 11065 18398 15640 18369 12301 19734 12354 18330 14025 15404 16647 13199
20 12930 14206 20096 10500 13763 17586 16117 11885 14192 18282 13809 19275 11090 16592 14041 13603 11586 13185 16254 12873
12 17555 19029 16968 11793 11547 15532 19369 16300 12545 12614 16272 19671
22 13400 15779 11099 15350 19787 16743 12552 10707 15941 13119 13011 11914 17410 17231 20138 15561 18247 18718 19209 14566 10668 13618
17 19177 11143 13317 18771 20022 18636 13194 19885 15152 16970 15917 17375 12236 12602 10542 18293 13120
13 15476 11889 16704 12290 12423 13254 18500 14266 12532 10589 15089 15953 14319
21 13946 14793 11680 12034 10791 17131 17842 17357 14411 11460 12353 18041 13902 15574 13545 19184 15692 19070 13099 14659 12636
19 10860 13703 15907 15960 17776 13082 17502 12836 18652 18475 16472 13677 16050 13694 18364 17428 11079 14377 19271
20 20219 16234 10315 18020 16594 18435 19391 11084 17332 18344 11708 14478 10530 18774 15900 13154 17160 19942 17577 11536
14 12900 11121 17840 18732 10704 11785 20075 16889 11573 14333 20033 14455 17624 13190
12 10527 17469 18254 17610 16094 11138 16042 19229 14085 17907 11886 18337
22 10484 15711 13982 19518 17827 11944 16780 18966 16657 13512 12465 13749 12046 16479 18122 13140 10846 17927 18941 12459 19154 16649
20 11681 15962 16034 15702 14030 16090 18427 13730 15040 14301 19921 13175 19868 17398 10337 17498 14691 15407 18908 12095
16 11279 12264 19164 14483 10755 16752 17026 15624 17325 19384 17550 17636 12708 16224 12559 12831
17 16524 10632 11755 15211 19992 15757 18533 17639 11434 18118 14468 11870 19572 16405 12039 16218 10304
22 13592 18944 15964 16348 13979 19995 13049 14482 13340 17195 20031 17140 19247 11055 18023 12302 10798 10995 11502 19741 16600 15438
16 18289 16545 15098 12464 18667 14590 11284 17408 13490 19464 19188 11336 11117 16452 13391 15862
17 18653 13532 16849 11451 19213 10953 20245 18257 11587 13015 13485 18099 10715 18753 13334 13251 18040
21 11309 20121 15026 18701 19316 16368 13606 19998 12068 19178 12557 16635 15355 15400 19052 10641 11558 13149 15514 11641 12905
20 14040 16736 14696 11148 12580 18286 15010 17071 13129 15011 16848 10790 10504 12221 11334 15443 15402 19842 15353 16655
20 10550 15716 12562 17487 19583 10507 16644 19105 17627 12695 18144 12361 14259 17240 13526 18353 14219 19728 19792 18866
25 16563 12269 20050 19770 14766 17603 12865 17429 12274 12114 17742 15431 17012 11676 10501 13634 13445 18302 17863 14818 12227 10355 11779 13405 16337
16 20099 12242 14523 11247 16139 10539 19854 18786 16618 20264 12072 18351 16745 20242 11611 19590
26 13335 11114 14589 13487 15306 15063 13726 11028 20048 14384 18963 13081 13635 16380 10488 16477 18265 16007 18307 13975 17525 11835 17673 15867 17559 18807
13 19013 17762 18051 15056 15225 11069 18544 19946 13750 12755 12214 12164 13145
23 16645 19699 11355 17698 16909 15863 12791 10310 15140 17503 17306 14741 10474 14732 17810 15128 17765 16908 14970 13513 19378 18080 16495
17 18128 18092 13607 16837 14572 12370 15579 17257 16991 18907 11339 14504 15171 17327 15524 11634 15790
25 15968 13825 18253 18172 19370 15549 13351 16353 10649 10366 17881 13987 11601 14400 14917 15595 15562 10669 18995 17923 19811 16694 16003 14855 12314
19 20069 13117 15899 17347 19448 16227 11978 10365 14645 18725 10556 15851 18896 11648 14396 19747 18749 10333 13927
19 12579 12911 15380 18892 13646 14477 15388 15313 10567 13379 18798 17588 18046 12644 20088 17002 12360 12983 11287
21 12833 20243 11483 14248 13431 18525 16646 18008 13403 13152 11843 12558 15630 19225 10353 16621 16717 10432 19633 17497 10999
12 17775 13349 19128 19768 11683 18148 19716 13104 11226 14648 10702 16894
26 16742 20240 19892 16061 12777 11058 16125 12434 20016 18590 14817 18583 11467 14726 12387 10759 13314 19264 12291 16798 13438 17266 18402 15078 19330 10862
22 11872 15462 19546 16792 19140 17330 10594 16135 12350 18660 19703 18664 15469 14438 19724 10436 10622 16213 20231 16946 13497 15646
18 11646 13591 14737 18864 15980 12119 17630 18887 14010 19621 15285 15273 13059 15943 10370 17695 12093 19365
17 15149 17799 11461 20190 14069 11765 18982 12754 16289 13504 19236 19605 15995 15037 10962 13401 18186
19 13761 17592 17091 18689 10900 11740 10341 13710 16914 16378 14007 18269 12073 13453 15420 19329 17445 18018 18839
24 18885 13894 16199 17716 15824 17896 12491 15500 13392 19618 19411 13640 17037 17568 14923 11719 18949 11984 11096 17717 10424 17265 17618 20161
20 13831 14231 18005 17779 11362 14848 13156 19902 13421 13221 17478 16041 13798 11539 19048 10983 18367 19543 11982 16892
21 14677 12752 10359 13874 10363 14175 19351 13509 16993 16064 20272 16627 10331 18662 14493 12023 12521 12457 13675 12915 15606
6 15841 19949 10543 12016 15179 13242
23 13200 16569 15615 15144 20095 13930 20076 11172 12806 11745 18800 12069 15412 17090 18028 14868 18410 14111 10541 17365 14775 19531 11628
10 19980 17638 19797 18683 12675 10789 18914 15526 19033 13262
16 15411 11060 13838 10882 11939 15847 15378 19481 17370 14256 12774 16465 16623 15177 12259 11595
25 16756 13681 14560 15732 18043 18258 14586 19017 11994 14542 18031 13828 14264 18992 12717 15253 19527 13356 12121 11227 18596 12860 12338 12049 14401
18 18240 13267 16415 14001 10592 17095 13981 11020 13174 12668 11356 18089 17482 14303 10987 18408 12494 13905
20 18859 18127 19614 12195 18755 12794 18928 14830 14074 11161 12719 15119 18438 11624 14385 15184 18515 16746 10690 16913
20 15232 14044 17679 10448 13290 18937 19142 18233 13814 12451 17299 11993 17136 16295 19793 13964 19263 18964 20140 13128
21 18450 18535 17976 12972 13791 12485 12471 17814 15236 11990 11486 11371 14997 13537 11569 15405 13043 11769 13561 16662 11934
20 13121 13521 13821 19317 14290 13720 15902 15991 11852 15593 18692 12161 11410 13647 16828 14223 11178 17800 10477 18599
14 12967 12857 17147 12751 16852 11766 13206 14282 16386 19238 10991 10433 18159 17940
19 14895 10735 14100 12397 18988 15066 17670 10754 19774 14039 11747 18444 13250 16487 14802 12551 19525 10597 12065
19 11323 14623 16480 10713 19893 14597 10906 16533 16239 16110 11661 18371 18217 16762 11640 13489 17930 12549 11478
20 14183 16768 11884 19492 13907 13522 11874 16075 18147 11276 10688 18972 15181 15281 18093 20025 16339 14408 10682 18857
27 15932 16179 15082 13708 10724 13940 16174 17829 19072 11688 12683 20198 16813 15914 16434 10717 18352 11036 11035 14760 16925 17031 17124 12237 13476 13960 19438
18 13058 12441 18104 12383 19560 12561 11913 18135 19082 16920 19289 16985 18060 19304 11562 16616 14890 17551
23 15323 18915 17531 14695 14591 14179 15764 11067 12230 15622 15564 11981 15249 14211 12293 10407 11300 12507 17629 18848 19664 14388 12996
18 13934 12254 11644 12664 13037 19297 19828 16043 14901 19890 14354 12922 17427 12052 18779 12835 11433 16830
19 13616 13959 16879 19951 11342 13256 18659 10924 10637 19249 17061 16589 14900 17157 19634 20151 18901 18048 19830
25 15807 20114 17441 16454 15062 18554 10531 12682 11743 18213 16062 16166 14490 18279 20035 18026 19750 13404 16346 12117 12122 15822 12575 12861 20136
14 17300 13650 16784 16198 13612 13807 11664 11969 11869 11828 18648 19887 11807 19212
21 12962 19201 13345 18905 19506 12399 10716 15429 18050 17543 15467 16336 15861 18573 17119 13457 10698 19291 13812 18642 13518
23 18474 14321 11444 17376 16512 11701 12832 11663 19838 19740 17691 14379 10848 10489 14763 18646 10535 12442 13752 12801 15870 13648 16133
13 16000 20056 16168 18134 18087 11670 14519 11571 15666 13973 11881 19663 11816
14 13689 10727 15088 11380 17967 19500 12504 16935 11310 11527 19675 17226 12748 13598
15 17339 15839 17646 19065 16535 10495 18643 11499 10374 14425 11360 17643 14395 14070 14629
21 11949 14834 11839 12255 19612 11447 15916 10967 16398 10891 12222 11153 19324 15222 19731 11804 14995 17562 16984 16095 19878
22 18513 18957 14343 16668 14811 14750 10347 12977 14958 10348 13307 19414 15104 15892 17093 11267 11047 20087 14068 13994 20203 19367
18 19420 14748 15450 10485 18083 16857 15203 14108 13195 14066 17929 16593 17127 14869 11720 15079 12737 19555
25 13507 15230 18471 20100 13000 12115 16238 17790 18335 17144 19834 11899 10397 12827 17956 18587 12934 11802 15146 14776 16362 19303 18406 10343 18557
19 17464 14084 17694 15512 13936 14236 10956 15418 18190 12845 16382 12539 14764 17248 19964 13068 14017 20037 12649
20 10767 15940 16773 14913 11845 18769 19538 13822 12855 12371 12365 15296 18469 17165 14002 19309 18109 11372 17769 14440
20 10447 20068 18883 14095 18188 18042 12940 11298 11517 11041 11329 18456 17133 17869 18439 18126 20290 15025 16586 11668
20 13922 13968 13541 10554 11008 19904 10468 12020 19363 13003 13854 15049 17954 14569 18201 15408 10817 12071 18454 17986
19 18003 10695 15361 10746 11722 17984 13557 18782 19286 14556 16058 16098 11960 10971 13439 14881 11985 16183 11462
27 11813 11615 12909 17468 19730 17672 16520 19339 16103 14532 14943 14071 12919 10907 12299 14698 15686 11838 15722 12089 10892 17166 16905 13248 10538 19096 18000
21 13967 11265 12406 15920 11637 11880 16215 12260 16532 11568 19875 11144 16025 16842 12937 10736 10560 15961 10788 15419 11563
14 13423 10869 16549 14268 12621 18047 14247 17773 13788 13304 14755 15371 13464 15529
18 13151 14141 16824 15567 11823 17221 12535 20105 17471 11712 17080 11243 19874 14075 12635 19049 13388 19649
22 18838 18184 18951 11086 15465 19824 17462 10710 19343 19975 20195 11220 15766 17576 19515 18931 13916 11578 15616 15835 19532 15945
19 13143 12376 19020 17253 16498 11693 16145 16201 12085 17402 13741 15209 14341 12143 15973 18096 13005 12970 16951
15 14571 20181 10686 13577 14666 10648 13008 14113 13829 13377 16008 18328 20061 12147 13300
15 18717 17614 13183 18614 14437 17761 12384 11162 10776 11376 17569 17025 20113 19711 12336
28 14128 18793 13437 19027 10926 15792 12317 13653 18711 10540 16827 12374 16994 19548 18142 18745 15396 19985 19773 10596 18370 10998 12673 16999 14864 12326 15755 12183
25 15528 17234 13124 13955 19855 18714 18079 11263 16943 17392 16926 12015 13623 13755 18650 14832 12192 11435 16165 11610 15745 17082 14149 19133 10887
19 12358 17304 14914 11202 17652 12793 19237 10676 12882 15192 13501 18600 17278 12628 20012 19346 18850 11731 16683
21 14622 12061 18199 18791 10599 19599 16308 17734 19832 13103 16457 15065 12248 20233 11771 10981 15267 20297 12174 14466 19045
18 10919 16544 12974 11965 20287 17193 13818 14033 16358 13313 11302 13538 11221 12210 11500 10849 12362 11891
21 10439 15761 18045 10319 11639 11107 10933 17279 13161 10808 14673 16333 10520 17834 13536 15687 17890 19636 18229 13069 15141
17 13705 16203 10411 19888 19805 12498 14137 17326 13962 12653 18730 16734 11973 13111 16407 16417 17416
16 19835 11742 11363 10451 15796 17283 13461 18739 17116 12319 13626 14836 13212 14853 18496 12844
12 15556 15212 16872 13672 12112 19979 14171 11519 17333 18384 16278 10386
19 18322 18036 10772 18687 12753 12497 16087 14768 14728 17663 12681 12750 12092 16036 14336 12283 15004 18400 11272
12 11322 11825 15000 14686 13947 16321 19312 10660 11927 13595 18212 14062
20 15168 16938 18790 19226 17999 20143 17753 19280 15898 12313 11836 18639 15978 12587 12789 12327 14759 17811 14547 10960
16 16916 19848 19562 19327 16461 12514 16197 13789 20194 13012 16389 15291 16104 13757 11122 15131
11 14595 15254 14139 10410 18249 19520 17847 15584 10413 19030 15682
19 15718 11917 15279 19093 17726 17862 11425 19418 19379 15786 13751 12651 15092 18740 10585 10519 19997 12677 12515
12 13589 12632 17613 10426 17924 10859 12807 17452 19460 15090 11420 10845
15 14544 15645 19959 11493 18871 15958 17440 16868 16825 11332 11426 16709 18814 10811 13857
20 14115 15919 16930 11452 14587 13529 10928 11046 10650 10662 18261 11338 19445 13585 15676 16484 12178 11790 15725 12027
13 13073 19283 11759 14465 15347 18938 14720 18319 19974 13948 19067 15605 14054
21 12352 17677 19742 13336 18511 15631 19084 16313 12427 18305 18772 19900 19484 17688 10664 20083 18110 14928 15522 10423 13983
15 15477 18183 14005 15318 16129 13277 16208 12684 11788 14561 13052 11249 13072 16689 13997
21 11442 15360 10303 14973 14930 18936 11552 15406 15030 15498 15782 16699 15890 10992 16468 20211 11160 12368 12346 17865 18081
23 14058 10938 12590 16876 17730 14670 20144 18077 11541 11808 14636 15120 20058 12445 11378 17671 15565 14280 12829 15458 15933 19537 19905
13 19607 19307 19472 15164 19843 11911 12063 17238 15560 14356 15478 17350 15374
17 13865 12711 17606 11229 13305 12257 19574 16352 12110 16867 12405 18503 12462 10878 13032 19962 17685
20 18783 12766 14727 14021 14492 15575 11331 14705 18777 18760 18768 14104 15439 11875 13080 13525 14270 18160 19146 11255
18 19820 12589 11010 18585 17843 14578 10654 19822 17583 12863 13871 14135 13281 14582 12612 13572 19377 12671
18 12847 12393 11061 11201 11421 19267 13435 18157 10773 15878 18502 19486 11139 10314 13430 11183 15174 17337
14 12889 10701 17518 15738 18754 14616 15333 13961 18195 18196 19108 14130 18904 16541
20 17944 14576 17282 16553 10352 19216 18295 10390 18154 16735 17115 16552 17757 17273 11294 17508 19744 14208 17189 12262
18 13286 18844 16186 19372 17064 15600 12404 13274 10523 12292 17319 13157 17223 14633 15344 10578 11732 17047
16 11550 18677 19141 15441 10945 16187 18070 15910 14328 14626 14335 19455 14978 10827 20125 13325
15 16256 19161 13443 10617 19308 19302 18618 16448 12480 13540 16884 11906 12495 16004 12945
13 19043 17871 11817 18578 13478 13366 10719 19149 10957 17364 16261 19970 11762
20 19475 11081 16687 16901 13126 19354 13543 18509 17848 16375 13239 11925 20165 13790 16504 12742 19231 13550 19981 15875
21 10941 18246 19182 12238 11430 16722 14134 15278 12228 18831 13517 19726 15460 13462 14347 20244 18053 18168 17467 19955 11954
20 14160 17297 10739 13191 18770 16137 20053 11088 11508 10640 12817 11063 12736 18959 10546 12864 18252 11506 11241 20247
25 12812 15811 17294 13182 17544 19635 16395 17899 20196 10461 12009 16969 17911 10753 15523 16508 11368 12516 13680 18610 11991 13310 19927 12347 13878
22 15106 17156 10758 19313 13288 18960 17826 12096 19366 19476 14072 13819 17105 12022 16364 14271 17211 15643 18057 13056 14426 13044
10 15053 17143 11110 10610 20298 15700 20285 10435 17981 13342
21 13891 11093 11032 12556 11706 16510 17170 15812 19217 13268 18464 19809 20021 15805 10607 16543 12678 12584 16437 11282 17946
20 14448 16101 13416 19593 13306 13409 20201 14454 14860 19897 16175 13108 14056 11723 17534 15491 12282 14581 17579 19408
17 10768 11630 13264 15527 14787 16402 13971 18505 12606 13715 16209 12885 18468 11273 12075 19024 11549
23 10323 17696 17271 17258 15038 12763 16377 17516 15115 11859 10873 13866 10647 16153 17886 15305 11971 18894 11520 14746 15885 17686 18413
21 18634 16177 20052 11203 16172 15713 16349 17387 14485 12792 12893 11118 11841 16207 17948 10942 18238 18145 19627 14701 19678
15 15701 12524 19757 20062 19169 13168 14877 19794 16674 13688 17241 20248 14934 16271 15329
9 16430 17522 16652 14023 15259 13775 10944 18778 12189
26 17485 13396 14635 12473 16399 14189 18526 14725 19059 13337 11477 13965 18518 19132 10837 18038 11599 20220 12456 12224 15436 17950 10889 17983 20199 20175
19 20209 14598 12448 17906 13133 14971 14880 13030 19344 13820 12975 13690 12870 13989 17393 13873 17228 18033 13671
17 19941 11097 11782 15545 14769 17362 19036 10874 12430 14816 11030 19689 18285 19389 10591 19296 14774
21 17222 19025 18136 13482 15634 11704 10781 17163 17750 16831 12307 14757 12492 19120 16284 12084 11197 18354 14926 12916 14785
16 17763 14909 18916 16038 15970 10521 10510 13137 10850 18628 12647 10340 12454 18927 11399 16546
19 16023 10630 18582 19912 17484 19803 19215 11352 18702 19924 20051 17855 14378 14893 11893 12113 13378 10575 15274
13 14297 14488 12261 13429 19513 10434 17439 17903 16469 12014 16393 12809 16392
23 18678 15621 15797 13601 12605 17190 11087 16340 20065 16891 17041 11975 12582 14870 17243 16912 10577 11686 19681 12939 14424 13261 12821
9 19657 18373 13173 19054 13235 18633 10756 14700 11485
18 14350 14653 17305 15737 16148 11855 15726 15753 13627 10908 18298 16253 15155 19700 13859 18463 14310 16580
22 17414 13225 18811 19139 14502 18181 12995 19804 18245 16640 11051 11106 17764 10476 12746 17075 14972 18366 18270 14114 12933 11811
15 18830 16561 16040 15444 15641 16131 17598 19422 10828 17839 12716 19836 16995 12345 17819
25 16591 14584 15568 11757 18137 18385 15710 10602 17582 16029 10670 19645 19155 12723 11173 17700 13375 15108 17176 18411 17380 19739 13236 16262 20254
13 10534 17214 11436 18726 16811 16325 11222 15121 11592 15714 15789 15105 11812
14 14459 16744 13551 13600 20158 17335 15990 10458 16088 19277 12074 19221 13799 16577
13 15290 11062 14190 17715 14777 14048 15510 17063 16189 16585 20258 11858 18547
23 11721 16947 10402 13205 13486 15414 18141 16703 13321 10612 17209 12988 16772 16066 10320 14985 12936 11895 14911 17141 16677 19433 15644
17 11013 16421 16109 19871 13583 11188 17970 14827 11673 15793 11208 10356 17132 10989 10393 15967 12646
15 13027 19398 15551 14683 19162 16974 16126 10417 18829 10752 11753 20030 12157 10708 18556
10 16473 14022 20017 14313 16823 13362 19901 19818 11246 18032
18 11862 12714 11317 15298 11878 17202 13322 12124 10744 11045 10559 10737 20222 20301 12263 18274 14806 20252
23 20079 12322 11776 14432 11528 13465 14398 15915 15257 18720 14091 15825 17908 19032 11674 14685 12764 18480 13773 15202 12771 19990 12830
24 16247 13803 15597 13180 13343 13078 13576 17821 17536 16483 11004 14050 20077 15815 13776 18377 15050 17016 18521 11692 18615 15613 12348 14674
19 20273 13338 13879 14355 19232 11151 16990 10328 13024 16408 11261 12017 19206 16791 10793 18794 20185 11469 12476
17 20218 12629 15280 15005 19450 19055 19756 18193 15751 12517 16507 18567 12137 19765 16615 15620 10633
17 14461 11390 12603 12724 10663 19993 17920 15972 19965 16196 15263 10803 12109 10375 20127 12676 17941
20 14026 11775 18925 11581 16637 12116 17662 16200 14974 15370 18056 16279 19679 14390 18175 20004 18064 10946 10834 19554
26 19150 14166 16354 12895 18616 12401 14761 13062 11703 16248 14781 16283 16528 16793 12268 11565 15577 19496 11361 16537 16765 11567 19682 12808 11484 11142
20 12994 14287 13914 14122 16275 16231 16697 18911 13480 15717 16834 17293 11104 20180 17563 20101 17256 14709 12246 19240
30 19530 11100 12886 15619 14854 19183 19397 19582 10661 14107 17561 13942 18657 15338 16185 19986 14242 14929 15868 16932 13619 12838 13373 17897 19602 17072 18865 14055 18826 17455
10 19584 13410 12959 15208 13070 10783 19252 16221 17935 11232
15 17770 16979 15625 19642 15382 16048 13666 17746 16685 16903 14593 19063 14146 19761 16575
17 14651 16862 12286 14357 19227 13323 12047 15413 17359 15057 13022 13299 19394 14733 17902 19654 13061
21 13582 12541 17868 10479 16314 11657 19906 11465 14097 12400 12209 11490 10922 14216 15250 11345 13797 12145 15632 14736 13566
19 11850 18733 16280 11346 19754 11829 11951 16105 17846 18741 12099 18163 13559 19266 12428 11842 13802 15403 16749
16 14394 11391 12140 12042 19121 14472 10872 11851 12949 17150 17633 18553 18021 17123 19837 19091
17 12008 11945 17390 11677 12308 19452 19288 19659 15421 17648 19147 14579 19547 14935 11837 14262 10687
18 19976 19544 20239 16021 13836 13984 13019 16100 12304 20294 14742 19967 16155 20166 10325 17841 12419 14949
19 13892 14015 19940 18117 18116 12417 16331 12772 17681 13198 11678 12803 17831 15288 14227 12816 12407 11111 12663
20 12437 19872 12104 10769 16587 12609 12769 19278 11752 11909 16154 13259 10586 10454 18564 13896 18310 18125 20266 15930
30 19637 11593 15746 11537 14618 15083 11820 19062 10470 15022 15381 11632 14469 14829 16650 15999 12654 13092 16911 12390 20000 12173 15425 16595 14661 19631 11942 16459 13402 11210
18 15028 18075 12913 12460 11094 16052 15351 14601 20029 13447 16394 13036 11154 19115 10487 18902 13138 17399
18 15428 16795 10972 12499 13563 19361 10807 19718 10729 20227 16057 18690 16789 14554 19896 10324 11844 13530
18 15934 10988 15884 11431 12091 16079 13397 13855 17353 18273 19060 17315 16864 18380 16846 15880 14723 14102
20 14735 18822 20296 13613 14678 11588 10357 15795 19057 12461 11935 19081 16096 18174 10659 19442 17109 14157 10584 19112
20 18086 16017 12475 17914 14883 15100 17547 18691 13066 14077 12229 12534 16584 18991 15581 14064 16604 13724 14392 14218
18 13781 14998 13033 16620 14274 14564 14047 18266 14786 15730 17708 13096 11337 14376 11959 18591 15101 16573
20 17051 13167 17454 11800 12150 12373 13026 13002 15983 20292 16875 13364 19415 14852 15546 15487 19844 17470 15161 16220
12 17418 17584 18459 14298 12867 17034 16268 10573 15897 12414 18705 13853
11 10646 11108 20067 20213 20262 16843 13330 19534 18853 19392 11401
16 18481 14986 15204 12907 16134 14117 19311 13232 12198 18695 17594 18263 13856 16958 11580 15244
23 18425 15955 11922 11095 11049 19676 17560 14903 18775 16698 18895 19208 14804 12577 15520 10996 13707 16071 11165 17448 13209 14132 16961
12 16574 16194 20111 17693 13095 10984 10643 16044 17901 19596 18076 18856
18 18069 19764 17289 11389 11784 10714 15706 14906 20002 12637 10516 12223 16907 19669 13380 17307 13779 16027
24 10694 14809 20078 12613 15331 16243 15302 13390 14751 13291 10880 14220 16032 17824 17808 13319 17832 14567 17975 13204 13835 16660 19795 18512
16 19173 15044 19246 10858 19080 16010 11735 15827 11089 10486 15295 18592 18058 16506 16181 13732
22 15949 12455 18986 20006 12604 10743 16819 15255 16598 12690 16673 13135 12566 17379 19465 16845 11698 13238 14993 10841 16896 17371
14 14641 14161 11791 10674 16799 16917 16486 17661 11207 20026 13702 18629 13808 13742
21 12433 16355 19228 10361 11505 17358 14267 17729 18840 12757 16978 18342 13088 10526 17634 16611 11822 13992 12686 18321 19321
11 12744 13097 19191 15003 14006 16731 12923 15623 16987 14349 15655
19 18466 15349 19200 16450 18999 13189 10382 16775 17961 15808 17978 17463 11805 17251 14638 19508 17786 10421 19907
19 14027 13993 11590 19170 16263 14031 18873 17783 18971 11038 17605 16774 17553 17036 16474 10897 16441 19122 11777
12 18016 19168 16063 10970 13568 12101 16446 18828 14251 10313 15697 13494
22 17678 16967 10311 13146 10562 18139 15167 15791 16557 10799 18499 18006 17625 20173 18549 11907 17705 19595 19332 10885 19198 17254
14 12025 19100 20274 16229 17554 15986 18958 10771 12568 11288 11239 11080 20267 14916
12 15576 16737 17296 16056 12897 15750 12180 16068 16559 17919 13656 13863
9 15366 11847 16310 13941 14486 12790 12159 18899 11695
20 13346 18675 15535 13344 16614 16603 12666 15294 18608 16518 11754 19405 17130 18551 12489 14447 14439 15474 19895 16255
17 16761 19004 17329 19180 13398 19737 18395 15069 13670 18200 16350 12044 14228 12782 12389 14887 15183
18 19165 17122 14156 14500 16996 15648 15818 14845 12941 13945 12452 12486 12083 13316 10563 17077 15747 10700
14 19434 14372 16396 15988 15297 14919 11388 18817 17635 19504 13384 17318 12005 13247
21 11306 15214 18455 14721 18448 14866 14837 18356 15628 15264 19894 17803 13216 15928 14615 14312 16534 18930 14060 14417 19684
16 11607 20221 18441 13331 14606 19883 14791 16949 13952 12971 19356 15039 20019 17472 12379 14368
21 14856 11609 10321 17301 14657 12468 15735 11163 11291 17973 13658 18935 15942 13253 15785 19028 14821 19175 16681 11482 13287
18 17904 12912 18841 19010 18130 13998 14413 11801 15633 12990 12985 14662 11109 16739 15375 13025 11348 12082
26 13148 11131 12416 10620 14545 12206 19735 16605 19310 18882 18721 19613 10976 13685 17998 18264 12333 12981 15409 17126 15282 15720 13900 17791 10757 14706
15 18488 14430 15451 17198 18541 16578 18303 13363 15778 15196 15143 14551 17169 18784 14920
22 11312 19073 16817 12105 12642 13125 18308 16902 15534 10308 15759 12588 14722 17076 10921 14575 12392 20027 16482 15292 10349 12993
24 11621 15637 11711 15094 14464 13318 19707 11650 16954 15325 14016 10465 14184 12788 18663 11625 19783 16816 12693 10558 13241 19446 11150 12207
19 15332 20134 18563 12316 12062 18059 17155 15849 15138 10642 20269 18446 13258 15997 16538 12090 18803 15963 14942
16 12190 11955 19690 18392 16252 15077 16854 20206 11320 19791 12053 10979 15113 11714 17962 19865
27 10598 16836 15453 14570 17921 19137 11582 17641 18942 10665 19507 10950 10912 13176 15809 16328 15018 15787 17601 10986 13837 13976 11354 15103 17235 15935 13329
27 12574 13488 16142 16661 14833 18447 13028 19909 16091 11009 12787 15468 11048 17250 19542 16309 18085 17349 19326 14789 17186 15765 11864 12691 20265 11987 14602
21 10978 15200 18022 19196 11707 14308 19477 19012 14200 18781 10565 11952 13695 14363 10305 11671 18994 11019 16073 11655 18877
15 16810 17659 12129 12624 10843 14286 13296 18818 17788 10446 13193 19514 14984 19456 16820
13 18390 20130 16821 15114 16146 17341 17958 12160 18320 19376 11605 19722 12728
23 14345 13142 13475 13109 11968 16410 12569 11068 18368 12674 12858 19725 14663 12277 13787 15855 11660 10884 20286 15343 19118 13912 12776
17 19677 10373 17457 17735 19428 12502 18484 16570 16330 13824 18586 18868 10381 14399 16945 15938 16847
28 11040 16383 17085 14090 17342 11147 18598 17611 18981 15086 10923 16613 11206 19353 12570 14555 18276 14329 12156 18665 14924 12914 17404 14079 18669 16406 13768 15731
15 15102 12759 15671 11417 12991 18472 10582 15954 13570 12622 18489 20044 15473 14410 17738
20 11025 11882 15763 18570 12184 16539 15448 17724 15493 14543 20091 13294 18242 19706 17286 18893 15446 19117 15159 14862
14 14316 19880 17281 11888 16115 20224 13114 15873 10383 19497 19658 15112 11330 18531
12 11529 13567 12555 16335 11321 11726 18996 15571 13534 20214 17040 10400
16 13367 16764 17466 14529 10414 16738 12927 13605 11373 15096 16108 10306 19782 11119 14199 18998
17 16319 11498 19796 18644 19202 12057 13621 17602 11921 20236 17595 12030 15033 16470 16449 18412 13169
14 11956 12144 10750 14173 20207 14815 11448 13312 12740 17435 15617 16609 11186 13917
17 10566 10890 14452 12294 12565 10494 16802 12325 20142 19233 16931 14922 18318 14059 14131 17809 18333
12 17830 11440 11134 20263 15883 12369 11919 18534 14403 16440 11929 17782
13 16455 14018 16638 17237 15246 17545 20089 10634 14639 19598 20171 14681 19623
18 16160 17184 13383 15926 13279 13767 13115 17197 17894 17104 15660 14872 17743 19359 19207 19101 17022 10438
18 14232 13089 18393 12171 12877 19771 18946 13309 16357 18151 13700 16228 10429 13731 12997 14756 13514 10671
21 16494 12275 11367 15707 16170 18543 14983 15058 18171 17424 14238 14222 17654 10329 19008 14197 18571 17933 17992 16011 19545
14 19250 19674 10524 19526 11269 10732 18205 15229 10867 12321 13664 17665 17540 17340
18 17436 15969 19328 13693 16676 14812 11729 14730 19588 17723 16478 18597 19295 16113 12208 12973 15160 12712
18 13413 20003 19364 18969 15327 14715 11456 11561 12779 13786 20189 16246 19114 15073 18953 11764 11761 17690
19 19244 15664 13139 20157 13903 16343 10639 15580 12634 20110 10399 16287 16833 12540 18647 13040 18301 10819 14891
23 18423 12503 20212 19789 10334 11488 17947 19701 20059 15636 12958 16940 20011 19666 18281 10579 19857 11103 19325 13477 16556 16622 17542
20 13889 18386 19810 18655 11534 18538 11964 13615 16688 18306 17114 17456 12866 16432 12412 12948 15837 20152 18361 14121
18 17836 12513 17217 20234 20080 20018 12969 13549 16266 18776 11115 13602 14654 11192 12366 20184 10552 10914
18 18416 12272 19729 17997 15912 14879 18161 15649 19751 17668 15206 12135 16419 16033 13739 13519 17895 17837
25 11564 13587 14857 10312 11230 19693 18810 15947 11394 14481 12631 17853 17955 15801 12965 13042 16433 13444 14991 18686 16922 13107 18029 14539 10418
20 15985 12265 11318 18987 14167 13800 14803 10723 17616 15266 19553 15832 12508 19528 11057 12249 18797 18836 14752 13361
16 15482 10734 14045 14386 15937 17100 12730 17607 10861 15948 12244 16282 20119 18428 12868 10691
16 15019 13136 15505 16338 19457 15994 13434 15877 17820 14541 14479 11691 20260 19395 14012 12697
19 20293 10733 19499 18884 18241 20178 17781 12650 14689 17291 12572 12493 14792 14180 16754 19571 19743 19480 13535
20 17053 20137 12795 15368 15651 17651 20188 10339 17232 18697 14307 19382 18313 16425 13065 17191 15395 17692 17801 13593
19 17098 14779 11606 11324 17817 12040 11132 19350 17887 11474 17852 19145 19375 10820 17697 17368 15127 19958 17728
18 15774 15501 17517 11730 15721 12722 15558 15218 11556 11381 16211 15308 14305 18429 10466 14233 18706 13218
20 14463 12760 18486 17382 11137 17192 10954 15821 13197 10553 18418 12217 13913 18453 15754 19083 10481 11455 15814 19656
22 20073 14429 12243 19360 14237 18387 15951 19812 18363 17280 17656 13348 13263 12547 17918 14205 16341 12125 19573 20057 14249 12957
18 16953 18311 18552 14694 11235 18131 16241 19758 11924 10774 11468 19158 18101 11738 15071 15830 12662 18762
20 20163 13229 16360 19487 19720 12395 19269 19210 15506 19190 10608 11180 16855 18607 12899 13166 17111 15626 18845 14404
13 13711 18623 14613 17833 14936 15657 11429 16800 14915 14342 12142 13586 11303
23 13372 11876 11204 17244 17461 11015 14496 15226 19647 13283 17703 13639 15134 13682 11299 13433 19933 14619 20170 10917 10915 12351 18606
21 11596 18426 13990 11240 16588 13007 12749 12439 17755 10626 17181 15618 14684 17541 14874 12657 18693 14159 13293 13368 19721
20 11301 16888 19449 13832 18672 15430 14747 18802 15445 14193 12852 19813 18277 19989 14520 15587 11901 18030 13564 13035
17 18640 10601 19423 18267 11113 13181 14734 18314 14739 15876 15864 14148 11773 19470 14198 14800 12725
20 16151 10385 16128 16245 14994 10955 12372 12035 14953 14181 11789 10452 17492 11705 16726 19661 12337 13063 12463 10455
19 10628 10624 10537 11986 11770 16714 15029 16956 11228 14795 16835 11780 18100 16812 17813 11699 19625 10533 14367
23 18897 11418 13483 11948 16590 13651 15481 14451 13004 18834 12820 12692 14565 16807 18550 10564 16345 17285 19406 17805 19186 18329 13389
19 10709 19863 14825 17338 15802 11659 16292 14495 11386 18300 12139 11772 15629 17495 19051 13018 13611 14617 16639
12 11098 10740 16235 11997 15316 17447 14299 16249 16290 11187 11076 14865
10 16416 10619 13725 14281 19641 11849 18504 15653 13466 17425
20 10775 19672 16576 13744 13718 17719 15858 14340 18712 11877 10877 17959 16675 16893 13870 15471 13516 18843 16460 12158
22 11358 12980 17792 20289 13046 17035 17567 14009 13454 12066 17631 12204 11375 20124 16490 15335 14743 14409 19044 17845 14867 17804
17 14052 12126 12234 18630 18581 18383 11185 11383 19047 12813 18009 13455 15699 20281 15840 13644 15647
20 13817 11980 12592 16322 12031 17028 16084 12305 16971 17893 15871 19257 10625 15823 17589 13442 19453 19214 13864 18243
11 11513 15679 18939 13510 15733 11166 13164 11231 13234 18120 15165
20 11510 19861 10605 16373 16671 18250 16658 12778 19564 20159 11918 14987 14080 15228 19272 13381 19261 13580 14773 10492
17 16363 12527 18025 11258 14225 11464 19068 14975 18696 11459 19399 13794 12987 12567 16385 14004 11280
21 11304 10893 16120 15354 12349 10730 18558 12449 15695 18074 16099 13633 11419 15193 14671 11690 14515 14317 16409 16397 13155
17 19479 20132 13823 13590 15199 17787 15449 19097 12784 15248 16786 16081 13569 16565 13938 16167 15334
17 14153 18622 12931 18804 16771 15979 16686 12386 10851 14808 16679 19851 17161 11219 18703 12324 15922
12 11297 15557 19026 15833 19536 19745 11932 12781 15345 15479 19856 13385
19 12226 18529 11598 18508 18162 15569 20276 18138 16602 19342 14625 13655 16445 11353 18879 19388 10787 11734 12709
22 12108 14944 17276 11897 17120 17991 14029 16530 10990 16427 17721 19977 13963 11428 15215 14051 17591 10821 13804 11995 12850 18548
20 18820 18910 16988 11972 17572 16693 16924 10829 15234 14103 17239 11130 14126 18248 18309 15383 12056 13659 15466 16719
13 13165 18054 18736 17900 19702 10931 14246 19908 13303 15816 13153 15336 10536
18 12921 14782 16276 14693 18708 15888 12391 13075 10831 20007 14966 11538 19687 19078 17046 11767 17945 12743
18 11557 15147 10652 15554 17963 13571 10835 17431 19074 19056 12597 16180 10517 11457 11017 13524 19947 19163
19 10473 14599 18727 15034 15742 17812 17386 12656 14899 13387 20097 10615 16517 14688 19000 10483 14302 13737 15410
19 15583 16376 16158 18256 16318 16919 16320 18861 18668 13123 12131 19230 19148 18584 10997 17242 13013 15377 17385
14 14278 12335 11879 17261 13630 11516 12928 19509 17785 14562 16359 19435 10898 12280
9 15693 11494 17360 11920 17137 14494 13839 14462 15563
23 16513 15895 20020 18909 12694 15340 12098 16077 12731 18155 18316 17807 18105 19638 20246 17666 15457 10864 18805 17524 18108 18523 13897
21 19021 12679 12601 13110 17942 10934 14665 13031 15239 11619 14568 11212 15667 18594 14358 15342 15195 17208 17479 17519 15223
20 19400 17449 19899 18929 11781 16374 14257 15356 17609 14981 18465 19007 16173 12267 19488 18852 15767 12720 13735 17714
20 11385 20179 17262 19152 20049 18759 17798 16412 15130 11171 13722 12453 12848 13298 17823 13928 17078 12343 13113 10784
19 17024 15207 15665 10865 13029 12181 12878 11141 13163 12458 17844 11953 19124 11397 18430 13226 13574 12175 10408
19 10362 16597 15572 10693 14140 15976 14704 17822 12953 11546 10935 16617 18638 19125 18545 11190 10916 18619 18527
23 12021 18346 12926 13944 16149 18624 18744 18758 17528 16536 15125 12193 16814 14592 17000 17010 19850 14535 20187 12917 17451 14632 17159
22 12625 13923 10982 20300 11748 19156 18078 13734 16767 13645 18886 19932 19176 12935 14745 17164 13426 13418 11631 11027 13177 16818
14 12506 15691 11604 15111 12672 17928 19748 14203 17699 15639 10666 19352 16222 13227
16 16653 17426 11936 15507 14640 16116 17937 12560 16429 18524 15984 18189 12701 12432 19640 14441
14 15850 13076 16451 19858 19662 15771 19540 11854 17850 15656 19910 14300 13269 14505
18 18993 18034 15123 14534 12554 15852 10463 14229 13663 17079 12699 10770 15694 11697 13588 12194 12431 20282
17 12004 13846 15314 14533 15046 10549 16497 16672 14628 13985 10518 11694 20115 11233 12943 14087 19827
18 18756 14952 12054 14892 14155 10854 11454 19023 11275 17480 17409 12447 17324 13877 14646 14389 11834 20192
18 14480 12436 13374 15447 12219 12525 16296 10330 11286 18220 17722 17158 14767 18312 14846 11039 14620 15650
13 16242 18409 13243 12029 16838 13495 13399 11926 14191 20156 15484 20043 15886
15 13783 15186 19471 11966 12652 11647 15452 17885 19759 10818 11215 19160 14941 18419 10911
22 16124 17972 16785 20225 18922 15681 18764 16654 18055 16269 13679 11654 11796 13977 12320 15903 15307 13777 20271 14937 12425 14921
22 16093 18381 11983 11476 11669 19746 14518 17488 12620 18420 15518 10346 19738 16311 15612 15201 16302 15826 19458 10588 15853 10621
19 18360 19242 12615 16240 17020 14819 12891 17521 12007 14525 17172 19192 13692 17066 16982 19801 14668 19058 11642
21 18401 19517 16267 12001 19597 11682 14138 10627 15384 20063 14557 13826 15310 10903 12734 15300 13898 13144 15604 17642 18990
22 11662 12982 13652 15301 11274 16895 12231 16730 12875 18348 19131 18742 19692 16031 11900 19845 15014 19110 16648 11311 16138 14387
22 12713 19953 14226 12496 15555 13101 14244 12220 11737 10806 17711 10673 17321 10840 16669 16718 14522 15859 17309 11941 13224 12665
14 15533 11398 12522 14364 14164 13547 19961 12086 16881 15550 12482 18962 20045 11943
18 16560 18785 16651 17740 18315 13884 14851 11976 14692 18870 13481 12342 13544 15688 20082 13850 12328 16757
22 14436 15081 14382 15433 15432 14185 10572 16055 14783 13326 14230 14405 13060 14339 18103 14476 12285 10545 11344 13895 20147 11542
21 14580 12530 10307 13217 13208 15072 11125 18579 12505 15074 15642 10457 15486 17106 11112 13297 10437 12018 19777 13187 19937