19 22410 27040 29256 27224 28870 27210 23716 26323 27741 29912 21169 26208 21056 26647 22364 26146 23461 24488 23545
19 27567 30034 28420 22398 25841 28463 21966 21100 27528 23282 29555 29174 27328 28149 29058 25424 22028 29886 20470
24 27717 26693 25792 21318 24499 28057 26542 26619 27968 20632 27706 21062 29837 22630 27256 24940 23932 26197 23226 20755 25039 25241 20683 23352
29 26394 22319 30169 23092 28575 20430 20944 22260 30208 20654 27838 24017 29776 21641 29870 29443 29690 24451 30103 27591 24142 25836 25669 28612 23258 21046 27297 25006 24379
23 23530 23383 24988 27307 23754 24212 28845 25423 27990 20971 21881 29962 29299 26035 29684 21359 24598 22823 30074 28633 25732 20768 28982
23 24390 27035 28663 30290 25335 27467 21411 21364 30078 29917 23026 25007 24200 22322 25731 26888 26759 25386 29550 24507 21913 22982 24044
24 27830 22516 29747 23207 28380 26638 26544 29771 26046 22475 21783 20550 28503 23761 22150 22223 21275 20695 27098 26887 23518 22142 24747 28175
22 20895 28153 21052 24241 24411 29604 29608 28578 21766 23645 21419 20673 25555 29278 28632 21102 20939 28012 22577 21023 23861 27901
20 26188 21616 24261 28961 30062 21017 29484 25487 23929 21735 29171 27521 21719 27433 29717 23145 24471 27710 20853 26166
20 21748 21139 29755 28988 28532 21660 25045 22416 25725 24193 23975 21964 21565 21125 30279 28661 27633 28552 20437 21824
23 29907 24173 22042 25130 20876 22017 28415 25622 27143 20882 29824 21669 23596 30155 22590 24480 23523 27691 29614 21559 20522 21852 29137
18 26725 27133 24577 20565 21035 29782 23277 25168 22995 24926 26751 21147 25411 28261 23358 27043 21230 29683
23 30198 21618 23825 28034 29344 22514 23369 21410 29405 29768 22956 24189 27347 25455 22948 24904 21347 25291 25399 20712 24827 23922 21048
19 26930 20644 24000 22184 25262 27284 21832 29112 21075 20921 27009 28222 21388 24195 20676 22200 28844 23947 27488
22 22726 23582 21569 22366 28951 21235 28430 26392 27485 21167 28874 28060 20862 27248 27852 29482 22314 20616 25486 22510 24174 21506
16 20950 22790 21163 27100 28752 20649 25337 20606 21353 29488 29158 21925 27000 22844 20705 22432
26 21502 27625 29916 21192 22677 25274 27216 25933 30204 28798 24564 28636 20359 25868 26668 25780 24152 23427 21306 25723 23809 25371 20775 28772 24690 20759
23 24664 23084 23956 22065 28500 23990 27220 29254 21381 20791 25975 28442 26665 28557 24196 28758 25592 28178 23790 26060 23253 24853 26698
30 26878 22689 26082 26936 24022 23386 23724 21937 22284 21841 26031 21873 20669 20761 25944 30200 26011 20916 20486 26868 29733 21223 20976 24137 30282 25315 23149 30289 23051 22694
17 22754 24938 23218 25257 25499 26768 20582 21774 26353 21870 22380 21250 30174 29031 23783 25272 23983
20 29903 24221 27549 20955 22328 29601 25772 28828 25089 21519 24421 27610 28451 24502 26477 29037 27425 30023 22583 26712
22 23702 28483 26001 23904 27921 23560 27870 23961 29996 21178 29729 27432 22728 24452 21261 26275 29228 21793 26266 23138 25037 24616
23 26510 25266 22648 23021 27377 20744 26127 27930 22051 26102 28822 22230 20914 24050 26440 23938 20443 25997 23063 27175 28619 29452 23638
26 28614 26445 25216 28413 21040 22588 22695 21245 23335 27173 21467 21568 23855 28591 26932 27391 23871 24464 29129 30209 26541 24763 23940 21283 28952 26170
26 21592 25074 25464 20869 29372 27500 29411 28711 27572 20454 26283 23388 23101 27316 25494 25051 21786 28551 24713 22001 28070 25541 23250 20875 23417 26755
26 25410 25070 23707 26439 26711 26067 24923 26065 21295 22928 20558 30196 26403 22767 22974 26811 27114 23617 24439 22170 25367 27011 22478 24382 30084 26740
20 26794 25332 28712 22300 29208 21321 21999 27636 29927 22433 29586 21797 24482 26996 26975 25085 24862 25471 21204 20336
25 23385 25200 29726 26343 26658 21465 22146 24376 21659 27252 21894 25477 27105 27140 22986 20709 28323 27038 29024 28494 25804 20872 25990 24496 28720
21 27952 23259 26799 27847 23741 29316 24293 28404 22060 22153 30178 22390 20817 29891 21141 21597 29668 23249 25492 23286 23546
24 29649 23637 22923 27263 23245 26718 21803 25151 28733 23492 22999 22348 23632 28673 20548 26640 29767 29954 30255 30220 26003 26603 20493 26524
21 25558 29412 23770 26229 23006 27592 25024 21344 26307 24604 29465 24313 29971 24056 21491 22988 20341 28920 21435 29179 28588
24 26451 30163 22378 28677 26506 21929 27141 27212 23641 21697 21064 27938 23307 24580 22313 26717 26296 27892 23008 24504 25188 24975 27120 30048
20 22069 28142 26963 26239 21809 29568 25034 27588 21654 29969 27613 23329 24814 29234 24990 20828 27718 28343 23981 28291
22 23535 28120 27223 25302 25927 28691 25553 22290 29537 25665 27156 24899 28586 26019 27415 27132 26133 22355 30138 20438 27157 30134
23 24632 20586 24821 20499 25885 25963 28290 24227 26081 29831 25502 25082 21721 22766 26689 24122 27680 21175 21189 24609 28763 28726 24997
24 21263 30027 29196 29656 20846 25392 29947 30225 20781 27534 21957 25750 28191 26023 25421 26813 22950 26286 21536 22623 30188 28379 25699 26204
23 26782 22294 26240 27950 27351 23524 28967 21247 26588 25442 30009 27668 27524 22554 23764 26432 29346 25383 27746 24823 23515 28692 21942
23 20366 28773 29182 27275 26185 29501 21002 26758 22392 25468 29329 25575 25787 25965 21473 24401 25967 28015 29603 22814 28761 20622 27924
26 27629 28705 21776 23464 24119 25774 23279 21286 21800 29913 25109 24754 20841 25139 27539 28917 21661 29186 20715 28751 23818 26340 22105 30098 24157 29227
20 22810 27184 28110 23654 25520 29934 22580 26772 23662 25897 27046 26721 25754 23301 28450 30121 23957 21103 29968 25091
20 27313 24500 24684 24144 29753 20332 21537 29308 20786 23109 28061 27474 21268 20540 27123 20354 24755 20476 21896 27389
21 25204 30141 24843 25114 29556 20416 26079 28714 21216 25905 24898 29061 21003 20679 26884 27251 30165 29642 24105 26521 26602
20 26475 23684 22219 23079 23952 28017 29752 20736 24511 22987 21527 28520 26526 20926 23912 23083 25614 25449 22080 24775
24 29880 26953 26876 24710 22375 24927 25987 24039 21483 27484 20304 29598 22496 26103 23093 25584 27371 22816 20666 25134 24106 27205 27420 29605
23 24070 30085 25301 21293 22551 22862 22553 23290 22666 25223 23130 21208 22503 27861 22629 29394 20361 21300 22312 29296 30028 30201 21647
25 21025 26950 22971 30077 21886 30251 28811 29109 29088 22078 23903 30082 28929 26829 22966 29422 25998 21970 27453 26737 22729 24215 28680 26664 26803
24 24434 22897 27291 21566 28091 20489 26018 22764 23867 24633 30086 30052 28794 27803 29350 29919 27860 23846 29164 20687 28150 26279 29489 25313
21 20997 29946 29633 25735 28679 20382 30181 23750 25391 21375 24636 23788 22965 28116 30097 28881 28729 23066 25191 21290 22640
26 22406 24400 25784 28804 21313 25049 22114 26584 28476 28615 28670 29150 22161 22618 29662 21225 22854 28693 22579 28074 23246 21021 24592 21613 25577 21717
25 23898 25854 28851 21696 21821 25208 27355 27793 21458 29660 28911 23711 29023 25359 25343 28427 23114 22045 24094 27954 22113 21960 23100 26062 20901
23 27537 26460 23451 22473 22233 25152 22384 28760 26617 23334 27595 20721 20557 25884 24881 23314 29147 24596 25950 24546 24644 22330 28080
18 22739 26436 25924 30131 27756 28993 23610 28372 24041 22046 27568 25318 27112 28534 24335 24237 23077 27953
19 27510 27896 26606 22261 27422 23655 23979 29038 22430 26746 20936 26107 21221 28635 30286 20324 20922 24320 25749
22 28099 22552 23592 24282 24408 27202 29364 20596 29578 26346 20717 25340 20517 25573 26070 27812 27540 21531 28930 22010 26722 29261
22 20822 23777 20699 27919 25320 30116 24238 26498 24467 30113 24791 20534 21227 27673 21632 25625 24211 28831 26773 22301 22940 21233
21 26393 28454 28985 20783 21846 28818 28858 23035 25093 26939 26091 21955 23838 29758 24393 22379 29678 24735 23459 20802 20711
24 27209 28986 21836 28203 20406 26362 30281 28160 30253 28903 25939 27095 27888 24841 21241 28028 25903 21547 24331 21298 22861 26875 25899 24931
17 27759 21254 26028 24246 22412 29019 25740 25506 28266 28513 26259 23572 26670 27546 22706 22802 27978
23 23197 20527 26173 28477 29268 30092 29184 29428 24054 25919 28502 22148 26795 22266 22892 24885 24677 21314 24628 29836 21242 23382 23970
23 27993 22310 26148 24061 24922 21146 23054 21089 28776 29735 30288 28035 22748 25030 28676 24751 23805 22617 23450 28105 24544 24865 29200
21 23283 25559 24874 27986 20313 29449 22499 24971 26874 30029 23630 24795 27462 22918 20983 23121 26114 22628 28253 21097 28315
19 26917 25620 23709 22585 25546 26694 28019 28533 23359 28616 23056 23007 23925 21372 20386 25600 26214 27041 26045
23 26891 26180 23377 29149 25989 29470 20417 30241 29869 27306 26591 28139 22727 25438 23398 29675 29072 20342 21593 25445 30157 23041 25131
24 23419 25664 25250 25701 23753 20788 29960 25666 26832 28977 28192 22998 26130 22132 27707 22715 22128 21294 28814 22584 23730 24161 23972 27118
23 26354 20585 29095 22137 22708 24250 25821 21990 22513 24742 25766 22824 27513 27740 27429 26250 25289 28914 29118 25125 24168 26672 21312
27 29441 24204 26315 22115 29121 26723 22774 27747 21872 25397 29098 20911 23003 29816 22778 25158 26847 27024 29195 29390 20464 27292 27677 28891 25192 29358 25985
23 24947 29847 22446 26793 29323 23294 20321 21505 21031 21462 23681 25490 25697 26422 22651 28445 22183 29291 28983 24680 20688 23221 20893
19 25820 25678 29820 26504 22144 27815 23325 22741 25475 26000 28416 22477 23405 22271 26177 20656 25607 27282 24440
24 21276 23491 28300 23137 27583 23964 20943 26964 23526 24831 29640 22763 26260 24741 23828 23554 24149 26301 28563 20413 24190 24133 29618 29468
23 22691 20999 28233 24967 27074 22287 20349 29172 29944 25150 21288 21686 25659 24110 21583 24515 28492 21469 22718 25408 24688 22613 23629
19 25756 30150 25816 24934 20964 21068 29474 21549 28111 22722 24583 25843 20608 27359 25716 21974 20771 21828 24524
24 25267 28610 28107 22757 22543 27874 23053 25482 27386 27242 21059 29343 28196 29218 27915 23430 25478 25095 23488 29151 22712 26470 23141 21532
20 25496 22437 22703 21767 27170 30069 20587 21781 22899 29224 20953 23987 28418 24305 27917 21995 25234 27963 29223 22073
21 21272 22041 28188 24099 25413 24887 28925 27514 23776 24187 22221 29062 22029 28785 22456 21461 23531 24566 21331 26918 21043
22 28997 26482 25001 28547 24715 28825 24298 22900 28777 27463 28065 20658 28036 26910 27336 20825 24277 22768 27076 20879 20740 28880
24 22557 24908 22796 22311 22751 21883 22172 25322 29908 27800 25797 25406 22705 26348 26507 24529 22047 25585 23705 27014 27974 29754 21299 24486
19 24011 27058 21664 28546 24839 20451 24155 29005 24785 23953 29724 23478 29564 20531 29160 26486 21562 28234 29770
23 30087 27858 26574 24983 25518 23122 21989 28257 26398 21387 20551 20808 25003 27475 23766 27999 28488 28841 21763 26834 29277 25599 20700
22 22821 21558 26152 27455 23891 24345 28348 26013 26110 25570 28401 20949 25196 27515 23590 21397 23624 26481 22658 26278 29475 20623
22 24650 23725 27126 26976 27086 23511 29155 26334 24445 22562 28422 28297 27233 23977 22731 27460 26277 30296 28587 29671 24882 29214
27 26224 24175 22784 24851 23614 20408 24771 27442 27158 26817 23090 21270 22126 25115 21976 23908 22540 23357 26297 24033 21012 21998 28810 25811 24014 29436 24869
25 27720 20770 24527 24063 26316 27821 29879 23265 29091 29066 28274 29732 25066 29986 20333 29855 26594 20492 21485 22825 27365 25374 23292 28567 25025
17 26026 29691 24037 22701 27743 21804 28248 26502 20898 21759 22309 23606 25653 22865 22087 28353 23425
18 21951 22362 22578 24103 21124 29166 26195 20704 20960 22963 21644 27356 24244 23680 24850 23787 29180 28230
24 26317 24657 30219 20718 24558 21126 23930 23800 23769 25489 22276 26815 29722 23965 21118 22133 24646 23793 24738 28316 27693 23831 24900 24610
24 22387 22599 27277 22804 26750 28506 27789 27566 26600 24536 21110 23547 28126 24543 30180 23313 24258 21305 21950 27964 21496 30111 22439 21845
24 27667 25169 28092 20927 22242 25705 25683 29265 29775 29389 23731 25638 27731 22346 27918 28687 25562 20951 22760 26203 30257 29543 23097 26570
20 20885 23110 28159 20941 22298 25036 28407 22882 28873 29881 20803 21376 29850 28637 21135 25793 30186 24848 29131 27684
21 27090 22154 23955 20315 23762 24706 20545 28122 22187 30301 29263 25880 24728 27379 22425 28245 24803 21673 27895 20982 26017
23 29515 21304 23658 21194 28609 23862 27962 22282 26322 25866 25014 26036 24346 26843 22645 29463 21447 20395 27587 21144 23732 26662 26228
22 24474 28690 29883 22660 24291 21675 27134 27373 30199 27653 20544 26128 27208 24979 22474 30039 28640 29116 26660 22812 27619 23171
23 29610 27456 28241 24020 28073 23099 22465 22285 21393 28128 30268 22665 27110 28545 26061 20369 28318 25744 23251 22949 23479 24493 28765
21 28939 22819 27121 23188 27016 26851 21691 28995 22109 23735 29565 28902 27139 27308 29241 22692 22954 25700 22828 29575 25802
20 21457 28490 21591 29511 29052 28313 26205 23924 23349 20434 28471 29229 25154 21349 24587 30211 21612 25710 25088 25480
19 22641 30144 29087 27403 25493 29125 20547 21459 21220 22417 23033 26172 27726 21663 27771 28169 27767 27602 29792
30 24634 21630 21626 25896 29779 30265 25319 24570 29609 28645 26326 28827 27078 22244 25692 26924 29873 22428 26805 22239 26150 25303 22403 29679 23146 26466 29922 26612 28867 21095
23 29781 28886 27469 25852 28666 21200 28333 25197 22624 24547 25844 23370 26145 23364 26789 26691 27948 27712 28906 25826 22367 22736 29632
26 27805 24538 24540 24013 25597 28629 29562 26546 20504 23778 21346 23445 21391 29920 27984 28641 28749 22427 21698 24847 22386 21323 27581 24576 29697 28584
23 22591 30132 26112 28305 27531 24568 22493 28604 27197 27382 24117 29615 26701 21704 25635 25708 26893 30145 24691 24933 21497 20977 28684
25 30044 23505 29808 27232 30016 24251 28555 22326 23640 24436 20605 25379 28334 20815 26575 29673 23323 27230 22676 21726 20626 23623 21858 23321 29925
20 28688 24888 26816 28909 27322 23889 24840 27360 27809 29821 27241 22787 20399 22985 23767 25185 24565 25538 28566 23073
24 24879 27258 29948 26835 23542 21389 26557 20865 28129 23029 28572 22484 21472 23980 29083 27995 21739 28548 25136 24994 25728 22773 21602 29424
24 26505 23883 20423 20812 22031 26389 26872 20520 20425 29300 28357 22871 23942 26729 21965 29311 20870 24046 26775 29834 23220 29044 20488 22053
25 26041 21409 28593 28140 23500 26288 26380 29141 24029 27723 26196 27565 26413 27071 25681 29065 28265 28310 20648 26155 22026 25362 23951 21657 23600
28 25219 28268 29383 29053 22246 23165 27760 21650 25645 27609 20498 27108 27850 27949 23291 20404 21350 29293 26089 21924 28409 22057 22027 28941 22482 22536 22191 25940
19 28921 22194 22813 29297 23830 20677 20762 27206 27106 28883 27813 29854 26765 23276 22307 25195 29476 26818 28912
22 24603 23214 22808 20767 28236 24167 26892 28474 29373 22209 27384 29369 30060 20664 28163 25288 22487 26909 22033 20787 25626 25651
21 24121 26543 28528 25287 21972 21511 21224 26535 25943 29933 27427 21134 21953 25707 23105 22904 27096 20410 28668 25382 20737
20 22224 28519 26492 20693 23034 25932 22525 22575 28246 27520 21874 27574 25753 24999 24430 25339 22333 20918 24073 27678
22 27795 22370 20730 24296 20347 22368 23772 28039 21238 27885 27027 23376 23175 23455 21217 23136 23190 26267 29760 26075 29874 24429
24 26368 26039 22422 29437 22836 26734 21129 28102 24752 25113 26447 22511 22023 22993 27187 29163 21474 26193 22673 25632 28931 27967 29115 28631
21 27671 22888 23648 26611 25748 21750 29032 25166 29540 27660 23465 25434 20355 29976 29292 28311 28958 22992 24306 25618 28542
23 24491 29953 24273 29284 29106 27904 29955 26374 25227 23722 21884 20638 20797 23647 29189 22842 23737 24743 27163 21730 24945 23304 20978
25 24255 26901 23892 28363 28963 26379 29225 28460 24748 25641 29320 23391 25401 28332 26956 23140 26143 21479 27491 28392 26933 28652 27599 28103 28721
24 20388 25846 28998 29427 22686 29806 28512 21262 20482 21594 27326 22431 21065 24231 23704 26601 29931 25121 28425 22841 28944 26063 26360 25663
24 25969 24815 29725 25298 29011 26249 28936 28439 29644 21309 26386 24796 21078 25237 21712 24062 29384 21762 24992 28621 30222 28051 27650 22912
26 29721 29858 21072 23344 20556 27135 27886 24424 27749 21813 28594 28184 29314 25064 27449 21449 22232 22693 21466 25031 24097 21996 29794 28559 20346 24605
23 26519 24414 27468 26364 23843 20794 27020 24719 24622 29022 27943 20549 29386 28723 21187 26261 27301 20942 20418 21652 23222 20728 25531
24 24113 29122 29661 21699 27823 26095 26673 21658 22931 20468 23852 25920 25146 23254 28792 23791 21044 29635 29803 29620 26838 29387 23065 28072
21 21938 23775 20877 28294 27397 23976 23400 25163 29730 26437 21301 28005 20634 22491 28525 26494 30213 28561 20703 21822 22545
26 23446 27245 25865 28237 22696 24301 21486 27748 28121 21460 28515 23969 27130 29856 24108 26407 23060 24579 20562 20867 23338 25715 23389 28757 24372 20384
25 24962 22864 21127 29221 26661 26116 25211 30248 24730 24978 27544 25090 23628 23679 21706 24336 26246 21833 27417 26446 25209 25217 22358 27900 22299
24 27880 27618 28000 23948 29148 29191 21816 29159 28634 22234 22750 22559 25059 27149 23435 21394 25698 29805 21946 21421 22185 24508 21315 21307
20 20834 29713 22683 25002 28468 28403 22502 26226 29900 29783 28764 24773 20472 20460 27899 24350 27327 25462 29538 27125
23 22452 27272 27186 21374 26630 27820 29082 27645 24055 25483 27772 24462 23005 29600 21285 23273 24247 22182 25992 27196 28296 20303 29294
21 20773 25713 30271 29650 21681 29105 23186 27755 25847 26429 25214 24707 21206 26999 26309 21161 22192 26254 27400 20497 21441
26 26935 21515 24560 22008 25086 21334 29872 26499 22295 24279 20403 28326 27551 20525 22414 21476 21656 25026 20912 24822 24734 24637 27996 21556 22839 28875
24 30235 28934 28269 22492 30108 22929 25968 22740 26117 23509 29233 28464 22647 26992 28337 28053 24668 26509 26094 25853 25077 27381 26577 27293
25 27465 27597 29397 24234 28044 26798 28161 22801 21320 23208 20421 24519 25275 24756 26109 27089 27502 26894 29461 26763 22175 27349 24048 22247 25428
18 28190 21825 29845 29885 20509 25717 22243 21926 28624 21417 22022 21108 27116 27834 21971 27466 29541 21252
22 29102 27079 30294 22397 24918 29126 28730 26056 29941 23675 25341 30284 27802 24936 28187 24731 29338 25393 25112 28745 27452 26163
25 25514 26538 27311 24855 24655 22874 28033 20745 22639 24916 27868 21779 25497 25189 21534 26687 25712 21357 26736 30158 29165 21510 21923 22201 26854
20 24981 23365 30230 27689 24032 24813 29232 29301 23119 24091 21215 21919 28162 25221 26328 30124 29393 23911 21912 23621
26 26126 21702 27477 25970 25198 27495 29205 28860 21638 24744 20793 27492 25316 28970 20351 29099 24901 25396 26904 29761 23587 20863 23682 24334 27281 29093
28 24578 28885 25953 25239 20452 23032 29041 25631 25231 26684 22574 28135 21115 22682 29901 27338 30066 23046 25882 28597 30118 28518 30297 27620 21723 22894 29236 27215
20 21000 26942 26015 24864 25264 21179 27605 20650 21420 26378 25398 28778 24723 27624 23160 28370 25331 21605 29271 25610
23 28220 28470 24642 25560 28531 29623 23517 22349 29243 23356 23380 21589 20628 26637 22337 26111 20613 24128 27512 27438 21384 21063 22409
28 30003 24656 22270 20820 29594 29075 27507 20445 28770 20798 29388 26113 27029 28003 24026 22159 25046 21080 27550 26448 21529 25805 29857 21844 28856 27792 26730 21094
25 26879 24722 24171 23395 26880 27854 25153 29842 27865 26461 26337 26686 23941 23213 26931 25551 25142 23749 26313 21337 23234 23950 29951 23844 27982
25 30261 22747 26090 20850 21830 29705 26948 27675 21703 20811 22206 23095 22644 22280 23773 26136 22395 29531 20426 25594 27648 29396 21277 28538 23954
21 26708 27113 27101 21812 29113 23387 25328 24861 29447 22373 28524 23042 21292 26366 25366 21517 25582 28672 26599 25736 29700
24 24051 28892 28327 25794 26098 25960 29156 28405 30104 27267 29569 28783 22765 25808 22528 28978 21624 24733 26877 23583 28527 23848 22139 27169
22 20722 21439 25872 29377 27555 21011 27972 27807 24079 27987 28151 28529 23646 22454 20685 30147 21013 28994 24941 27274 26919 21818
19 28973 22570 27777 20643 25579 23168 24165 23320 21279 24021 25702 26049 22009 23549 21860 25812 27639 24749 28774
20 22800 27109 22518 28104 26700 23423 24441 25874 23826 26025 20479 27617 25508 25186 20836 25633 29242 24367 25646 28143
24 21666 21514 26221 30091 24311 27104 21535 23076 25926 28013 27511 23525 27446 24330 20672 22359 28112 21674 29980 27975 23665 21545 29096 22945
17 23297 29706 23360 29337 22605 26886 24378 26156 20743 23879 26021 21180 21219 27608 29143 25809 27994
22 22214 30089 28836 24629 24513 26895 26410 27628 29130 26981 25055 26381 22969 27083 23203 26071 20945 21734 24830 29740 25521 24150
18 21122 24721 22937 24753 29638 23183 22273 20894 25145 28499 20513 28558 24886 24867 27018 28006 27047 30056
19 27991 23228 23262 21034 24030 22480 22269 27448 23920 28083 27866 20972 20412 22050 27828 24289 24595 21982 21561
18 26549 22770 26809 23677 29508 26236 23332 26697 23142 24274 21061 26648 26327 23437 23695 23038 21196 24185
31 27107 24361 29304 25535 27663 23916 21577 27395 25966 21248 21051 20934 25696 26629 21948 27154 23604 28598 21054 29510 27052 24450 22946 28056 25293 28434 29563 22479 24673 28990 26825
24 30073 20958 23462 28340 26456 25404 28208 22006 30146 24203 24248 26690 25053 26351 28369 27218 27923 20848 22777 28064 20414 28054 21541 27390
22 22984 29467 20495 23414 30184 22420 29417 24276 20320 21373 23685 27181 25222 23719 28231 26441 25436 25377 22198 23792 29134 28537
19 26744 27250 20751 20878 27235 26442 21456 28223 26652 27354 25875 25718 22867 21695 22507 21526 29315 26993 26598
23 30217 20729 26005 26563 22848 23597 24146 26232 28267 22532 24873 23944 20456 25376 24759 24324 25338 25232 26066 24878 24124 24419 20450
25 23820 23272 20940 23967 24262 27428 21640 30152 21949 21291 21637 26435 26292 23874 22143 22197 21198 27211 29519 23200 27303 25167 25709 24698 30292
26 26814 21648 20469 25862 27826 21038 25458 20440 24112 24270 28706 25381 25426 27266 29579 21901 24197 28276 26216 24526 25422 26141 27247 24207 23343 25913
21 26290 27665 25583 27085 22724 20439 23235 29699 27586 28419 30302 22179 28526 22852 26987 22222 29413 25201 22435 29665 29780
25 29457 28224 22426 26377 26628 29325 20314 29799 21026 24310 23520 26808 23189 25103 30032 27796 21755 25351 29737 28876 22283 24018 27844 24534 22360
22 27955 20422 20804 27409 22019 22215 25923 27344 28987 25304 21679 22039 28681 22077 28004 27631 21399 23701 24824 30293 20477 21715
23 22670 27369 24260 22576 25762 29645 28195 30025 24325 21378 26831 22549 21058 20774 29629 26064 25994 27152 29135 20373 23835 22792 28803
21 25511 24143 20368 27136 29496 22620 20618 21030 21368 24952 26720 24837 25590 23802 24199 23306 28894 27703 22095 23602 23454
20 25218 26864 26032 28037 27804 20570 24042 21188 21028 24973 26119 24561 26479 23544 22423 28980 28786 25526 25441 28396
23 22962 24889 21918 27012 21677 28736 22832 27128 21010 23700 28959 23869 22106 28732 22190 27296 23002 23866 23906 22546 24550 25027 23085
21 28025 28571 26263 24329 26596 24315 29636 29950 24194 20317 28991 20402 27254 29360 22343 26590 25300 22855 22070 26946 22601
24 28312 21325 22278 28321 23460 22203 29528 27737 26761 27398 28728 23877 30179 22335 26030 23989 22236 22805 23565 23978 24760 20503 29798 29487
20 20378 21256 27584 29817 27226 20741 26998 24362 28801 28913 25676 25132 28989 26388 25244 25403 28884 20453 26547 29843
19 22783 29281 22970 27404 28834 24269 26649 22258 28717 22016 21440 23752 21475 27010 26912 29086 26692 26989 30218
21 29212 28922 27934 28271 21879 24280 29226 27388 22376 21864 29006 23428 21543 23000 25375 20733 22451 24398 23264 28284 29273
20 25368 23107 24072 21981 28899 22614 23781 22162 24662 25870 26609 27321 21611 24849 22880 22700 21892 29215 20992 27709
26 27324 20624 22870 24669 25684 22117 26161 25574 21404 29979 23564 24093 28458 23346 26227 26741 28134 23817 29602 27603 23434 20835 26007 21042 25742 24086
25 24842 29119 20568 24859 23510 29080 25640 30182 29682 22669 21555 27042 21106 24913 20752 24615 29145 20595 25525 29573 23607 20614 23406 30167 22498
23 23937 29318 25912 20919 25044 24015 24954 20772 22036 23244 29287 20514 23721 29016 28147 21166 28088 27165 24443 26688 26182 26870 20546
22 27138 26147 27424 21773 22737 23612 23992 21170 26858 24996 28493 21366 24483 22619 20625 21303 24116 28779 26533 30195 27682 20776
23 24487 23341 24740 29290 27007 24364 22093 30280 27764 29680 22883 21493 21190 20621 27959 30095 28517 28115 23372 28339 29788 25161 24478
26 28695 25530 28601 28113 23917 24341 26235 28394 25467 29250 26646 20710 26469 23172 27402 21450 22336 20419 30142 28802 28905 23470 27708 25253 23789 21501
17 26604 26966 28719 27526 27947 23326 27557 25012 25084 28259 21498 25951 22176 29259 23601 23811 29029
27 20714 23089 21843 28608 28226 28275 24479 26908 27199 25761 30033 26076 27268 24123 21575 22488 24774 21032 26085 21400 21921 28926 27776 25658 26463 28308 27829
24 28123 24819 29838 20758 21621 28685 27757 29835 27935 25643 28040 26626 24223 22217 24074 28141 26757 23170 28087 21522 28945 24618 20738 21643
24 21940 21571 21707 20340 23178 28207 22979 20852 24907 24948 26605 27681 28725 25079 28962 22685 25147 27394 21492 23532 26978 21629 22977 25470
20 23689 28877 29777 26108 24808 23503 25928 27270 29380 25945 27487 28438 20830 21171 28228 21997 28701 29718 22038 26925
20 27575 24559 27393 25830 21121 23824 27897 27569 24092 26639 27576 27818 26274 23196 28166 29723 28048 29485 21259 24658
19 21203 25135 25647 21197 24299 29677 26593 24052 23057 29169 28215 27867 20573 29536 22893 29197 29429 26841 27368
24 25941 23260 23608 22571 24782 26299 22643 27961 27443 23481 27330 29477 29708 26409 25370 24597 29606 25552 29332 25817 26580 26072 25606 26219
22 27518 25193 22688 21619 22506 26115 28950 20845 25724 26994 20627 26473 29499 24470 25425 20501 25233 25023 23639 26853 26178 23176
23 21954 24648 21904 25769 29015 24984 29307 27472 28979 26675 27473 22032 25857 25083 24423 30148 21168 21326 28694 29506 25704 26339 22655
19 28999 23184 30168 26934 25444 20331 24921 23674 24338 23030 26285 23483 28908 23756 26657 25035 29630 29613 26937
24 27837 27958 25226 26569 21789 22781 22177 27604 22758 29440 24035 28459 25634 29146 27017 28432 22879 22173 26131 23212 28485 21191 28199 20913
27 28932 29491 29918 24835 25689 28830 23281 25619 24586 26191 26852 22332 26618 26044 25949 23062 26485 24518 27185 20526 24456 29063 20716 28179 21151 22916 29888
20 28239 22334 27845 27905 21908 20651 29833 26779 24494 24709 29626 22318 23696 22424 25964 23494 23784 27786 26696 27325
21 27644 24557 23529 28049 26991 29940 20726 29070 28799 27750 25515 22690 22141 20706 25172 22164 27775 27150 27053 21096 22515
25 28059 26200 30001 22840 21590 22597 28696 26792 20713 22483 23164 20322 28603 25249 23017 29647 24191 23284 21212 29210 26528 29617 27222 24781 28829
21 26010 25894 23009 22921 27376 25215 22878 28367 27290 24778 26361 28800 22627 21754 24920 22320 23734 23413 26559 24287 26310
24 20427 25345 24259 23652 20475 28879 29911 25047 29365 22818 23548 27261 28489 29890 26449 22849 29997 27762 21991 25348 27348 26631 23031 25738
19 28214 28568 20754 26371 24239 25918 23087 27577 24514 24966 29276 20566 28098 25378 25501 25777 24845 22464 30212
24 30285 29321 29524 22382 24765 20457 26522 20757 20838 21928 20784 26920 23919 26754 21445 20690 27643 24868 23129 20471 24413 29653 28247 21007
21 26716 29652 21487 29374 21932 21117 26965 22147 28722 23551 25363 27894 22581 26774 25593 25224 22289 30192 24386 23506 29030
18 26467 26635 29306 30237 20937 27054 27416 28683 21104 24263 25329 26786 29793 22365 21093 27973 22497 23508
19 25789 22973 30207 26037 30203 20995 25524 27614 21635 27178 29812 28622 24432 28082 21709 20662 30063 22877 26086
26 25572 25310 26256 26083 27980 27808 29288 26820 26497 28484 23599 23201 20747 22350 25571 22672 29637 29581 25503 28448 27498 21521 28068 24943 25048 29526
23 27944 22594 24594 26669 23466 24712 25314 24545 29007 27142 25009 29828 27536 27966 21405 23497 24427 24575 28577 23485 23928 21463 20909
19 28698 26929 25143 27457 23415 28200 22924 29942 23045 22595 26375 27579 27004 25440 29785 22621 26272 25356 24392
21 23739 26663 22250 21090 25608 20572 28324 21987 30012 25384 26848 28651 23270 25720 21623 24285 21986 28046 28307 21477 28872
22 21480 26845 21239 28787 30197 28094 24640 21849 21015 21778 29128 23412 29406 26078 26490 21084 29715 20694 21620 24027 20377 23473
24 21811 23113 24725 23375 22632 29368 26905 23373 29616 24556 22901 21805 26202 28832 28924 20642 22004 27735 27578 22152 28219 24318 29902 21865
21 22914 23936 27517 25101 26088 26982 28657 23418 21576 25290 22968 22756 24397 26973 27926 28338 28176 29584 29481 27983 22947
18 28768 21453 23205 24590 23127 28731 21646 29120 23232 21694 28904 21856 29313 28655 24100 20973 26153 27715
26 27862 27392 30081 22725 23672 22958 28660 23355 28974 22476 20529 20682 24676 21838 27889 25228 23247 24705 22323 29392 26372 22533 24716 27177 20553 28309
24 30140 20334 24162 30189 29114 21931 24929 25028 21132 29814 25539 28704 22527 25148 27346 23162 29921 25472 27658 24481 20734 26190 22569 21645
24 21152 22257 25324 25357 20800 29415 27246 25230 24453 23305 30018 28501 26289 20496 28478 28156 20946 23620 25327 28447 27257 24466 28948 21992
26 27563 25144 26525 22941 25589 24002 28205 26038 25667 21554 22664 24490 24446 27063 25796 28106 25946 29401 23673 29327 24182 24894 30224 24347 26955 22925
18 21601 27481 25265 23151 20702 26356 29351 21687 26338 24875 22811 30205 24521 29525 29430 24792 24328 27816
25 23410 29071 20590 20538 25603 28368 29331 29008 21045 24076 25991 20938 25925 24281 22363 27198 24671 27195 21289 23181 26681 26954 24292 25737 29698
20 27651 28620 21636 27064 21266 23812 30014 28441 26830 24188 25934 22675 28251 21429 20824 23667 25596 21205 30183 20338
23 30272 21148 23153 27738 23499 28171 21678 20449 20667 28762 24959 24383 27378 25807 24003 22317 26121 23111 24960 20635 20390 25460 20769
25 23834 28021 30000 30070 29990 20508 25180 23293 25342 27077 27401 25549 23316 25040 28443 20552 29896 26159 22374 24351 25890 27055 29059 23223 26330
20 22096 30185 26567 23404 28384 24788 28165 24857 25364 24801 24357 20415 23120 22291 27690 27594 21979 22124 28923 23336
20 27843 29455 25005 27131 29970 29839 23668 26550 26423 26058 27243 22189 27001 22208 20358 22238 23934 20502 27445 27543
23 29507 28435 20671 25175 27714 28550 24834 29905 23894 27237 20407 28410 29203 27405 25116 24226 25176 27302 26336 27159 29207 21246 23393
20 28077 21854 26738 30068 29882 24793 27679 27358 21070 29408 29542 29107 30133 28185 22935 29612 27655 22486 20420 24789
18 27437 26341 29074 25829 23348 26350 25979 26367 27676 20764 29595 20335 21801 25052 26555 24699 23340 28554
23 30244 24216 28206 21109 22631 20652 22972 25058 30229 29498 24675 27367 23192 24643 26760 23998 29354 20387 28769 21423 30151 30065 27129
24 20536 29599 20864 26332 21155 26210 20380 25980 24645 20463 24267 27876 27249 28137 25834 22122 24192 27421 21431 24836 23616 22274 27659 27875
21 25280 27124 21749 26344 24663 24573 30162 20620 27287 23842 24406 25545 24266 22657 22265 25791 24686 22898 29523 29362 20816
20 28497 21993 25305 26251 24998 21251 29994 24053 23300 27931 29774 27499 24854 22064 23738 23613 29848 21401 22461 30106
22 25336 27725 27426 23019 23384 27768 21784 24316 21729 24860 29324 24230 20389 24442 30238 25800 28865 25743 26632 29003 21788 28194
23 21930 20674 23910 28838 20615 23881 21587 28389 28682 27265 24535 27688 29756 24245 23280 25650 21184 27217 28258 23557 22062 28791 21895
23 22807 28365 23040 29446 25187 22679 26512 20353 22085 26225 25075 20400 27728 21760 23103 27545 25914 27411 25326 20988 26051 22834 21074
17 29830 29077 27856 26844 21665 26411 23697 23371 23712 24510 20516 25427 25906 21572 27341 25815 20487
25 25977 21249 26801 30274 29596 28273 29860 25861 23533 29312 22723 27779 21772 23553 21756 26968 29124 23227 24666 25672 26465 28809 28414 25355 20725
21 21899 24340 25268 22847 20350 22915 23875 20645 26230 24359 20839 26952 29810 26653 23399 23206 24115 27022 28350 21310 27696
23 25993 26827 20327 25733 30008 29504 20925 26370 27669 23717 27166 27406 25122 23744 28581 23128 23856 26667 23010 26165 29021 29742 24833
19 28617 21269 25921 27087 26620 21201 23436 27189 28965 27343 20886 25849 23252 27380 22719 26885 20560 20564 21244
24 22981 26294 29289 28498 27907 28335 20619 27960 28052 29319 22593 21355 20860 22195 29590 22237 20561 22102 27434 29993 20533 23495 29709 24220
20 25092 29464 29367 23657 25394 28935 28378 28124 27396 27028 24533 25649 29751 23887 30136 27362 23028 28789 27050 23913
23 30102 20665 20920 21731 22240 23540 21746 29667 23864 25929 27203 20367 23043 24415 25568 25741 24403 26855 30083 21819 27765 24477 27664
23 23945 21968 20448 23230 26922 28611 20917 28647 25959 27003 29959 26144 22253 20657 23516 26756 28095 28919 29395 23194 28509 28071 21790
17 25124 27836 29945 25210 22463 22908 29619 21516 29712 24089 28397 23759 28716 24087 24307 26087 23720
25 25623 23182 24683 29348 22567 26642 27657 29983 21193 23748 26357 25457 22534 27976 25407 24685 21622 21867 23469 26124 25813 22550 27744 21625 25474
25 22167 24438 21975 28029 21281 28387 22130 22025 23443 23585 27092 23622 27294 27859 29167 29078 23238 21829 20923 29577 29592 30154 22592 23156 20519
22 22933 21091 26464 21240 27766 22794 26576 28759 20766 28562 21798 29425 22169 26212 22538 26671 20832 22850 27607 28172 25466 26822
23 22797 24129 22826 29039 27072 27922 22746 30137 25285 21361 22667 29500 25822 24131 26151 24395 26527 29359 26579 29739 25479 27331 26099
24 28202 23521 28408 28254 28940 29473 25528 25032 21684 26944 26636 25771 30037 24156 22523 26531 25522 22851 20849 25580 22235 24995 21454 24696
21 29813 28373 25065 28371 20935 23829 22225 26871 23392 28235 25788 24431 20871 20883 25655 24322 23580 25687 25706 26181 22220
23 29558 27957 22000 23333 27353 20910 23896 21627 23900 27927 27062 24624 24799 28354 26927 25909 28292 23757 27385 27913 20900 25799 21546
27 23807 24571 30215 24949 25863 23199 25443 23159 29634 27529 21885 22421 23416 23870 26947 30010 22920 23888 26385 22347 25409 29162 28358 23091 26615 25656 29240
17 27763 21172 29741 24670 22021 22944 23566 29140 23432 29658 21655 20506 21551 25183 23047 22207 22090
26 23351 22831 22123 28014 24623 21131 26012 25755 20310 21599 22204 27037 22083 20602 26679 28212 27470 22024 27375 29310 24704 29557 22927 20444 27413 20987
23 22296 21862 23210 20543 24249 22418 28198 25448 28351 21226 20810 22612 24416 29693 21855 21617 24961 20379 22381 26539 28820 23211 21934
25 29784 29190 29876 27065 29238 28361 25878 29339 24303 29676 25157 30110 24326 23918 28837 29559 28739 20731 20603 28119 21905 23403 27641 26589 21186
23 25947 22652 30026 21777 27969 29672 21831 29796 22338 26390 20588 24613 25930 29517 27601 23180 22913 23289 25895 26238 27067 29486 22697
22 23094 26092 27564 23886 27219 25644 26176 20601 25446 26280 28359 20483 26033 21425 23411 25730 22099 27857 30160 24088 21470 23859
26 27352 21128 26020 26273 23441 25851 21033 26896 27692 23994 28117 25202 28344 29899 22131 23740 29064 20986 28252 21101 27342 29865 25102 21229 30242 20394
26 25281 30176 21958 20924 21484 23522 22181 23067 25235 30061 22151 20691 30234 24286 26511 21792 26069 24593 25900 21392 21835 24891 23847 23074 28504 27542
22 28210 25184 29547 25694 21415 23468 26425 26169 24125 24172 21524 24638 23366 22707 22565 25783 28242 24228 29097 30252 26865 28213
25 22171 21653 24985 29328 28301 29811 27161 24611 28262 25022 24389 28866 25453 26183 23440 20567 22989 26157 25714 27637 25904 24358 26862 20611 25405
29 23309 28299 21253 29244 21672 24649 22068 21897 28788 27833 28177 20311 24183 24127 22066 22961 21016 20888 22863 26709 29055 26752 21509 28971 24365 21037 21367 24585 22582
19 29861 28164 23241 23813 29092 26369 24989 26656 28658 23242 26142 29266 28815 28740 26004 24955 26515 23742 20467
22 24179 28144 28067 27459 23012 24145 21936 26704 27240 21077 24702 28890 27933 28066 26450 20967 21214 30096 28992 20833 22976 28507
22 20401 21067 26572 26487 28646 24896 29404 21920 24218 25073 27444 24812 28390 20398 28256 21810 23988 24278 29832 21018 27408 21154
20 26899 28395 23327 24531 29826 22659 22058 25081 27798 29867 28853 25533 28964 27066 20357 27839 22100 25605 22990 27162
28 27366 20429 26745 21099 29866 27716 22517 21057 20309 30275 24501 24064 29103 27471 23487 28579 24780 20537 27734 29804 27615 22932 29220 26826 24497 26508 29101 23649
20 29646 27871 25481 24574 22997 29987 24219 25306 21464 29285 27031 24682 29521 27300 22353 23589 20362 29728 27672 21977
23 21014 28281 28032 29766 28521 24729 27851 21079 25734 27881 21336 22413 24972 22716 29552 20989 30115 21377 28058 25615 20512 27364 25245
23 20840 29403 29686 23052 29050 29926 25879 27183 22325 20902 22035 29275 26735 21799 24717 20481 29670 20813 28009 24567 21525 25986 22438
26 27033 20806 26674 23131 21608 27780 21580 29509 22462 26384 26828 29974 25043 22519 21791 21820 21406 28180 21827 27221 27571 28821 21743 29094 29532 29694
22 22520 28157 29079 26837 26406 21614 23841 25242 25179 29704 24608 22735 28081 24635 24654 26123 21847 26137 30007 27932 23890 27506
23 22293 30221 30051 21418 21530 20647 25282 21432 27989 28700 23993 22467 29790 21258 22086 27361 25682 20637 23973 28628 24786 27864 24300
24 28417 21670 28715 21941 25889 20521 30256 29736 25271 25624 25586 21533 23555 21753 21302 27541 25309 29305 20436 28839 28462 21385 24080 28713
21 25050 23112 22734 30166 28008 24141 27036 26421 28511 20727 23496 21360 28900 28953 29583 22218 28599 24982 20507 21278 25361
25 22081 27201 28943 22611 20789 20323 22089 21111 23390 29622 24732 26427 29060 22490 22843 23397 26321 30112 22400 26491 23803 23733 23823 28976 22297
27 23678 25259 25096 22919 20884 21162 25902 24512 29621 22248 24057 23248 24681 26585 28665 24516 21552 20312 20446 23027 28907 27312 25248 27883 21780 28183 24626
20 20799 23771 27048 26554 21055 25642 24509 25164 22795 25893 27503 21438 23659 28855 29246 24045 30036 28781 22107 21282
27 22964 28109 25675 26311 28467 25476 25312 20809 26780 20432 26057 22436 23278 28639 26414 21036 29363 28674 26106 25126 24404 25495 24987 22186 23768 24697 30011
21 22458 26452 29889 25276 27824 26167 21112 28270 25910 22991 24816 26790 25842 26529 26624 23368 21236 23851 20686 24790 27908
19 25695 21173 21243 29326 21422 23796 30206 25119 28362 24095 28946 29010 21909 28227 23216 27335 27806 26400 29570
25 28250 24805 29198 24911 22305 28100 23303 30232 22934 25955 25505 27891 24435 26073 23810 29111 30273 22331 22155 21610 20593 26850 28218 21468 23467
23 24928 21330 24233 24151 28472 30047 23927 26048 24302 23174 22084 27509 21284 29593 26459 24081 26655 22251 24433 30040 25873 22634 20965
23 29108 25395 29416 27204 21512 29964 28590 26373 26468 21156 29459 27180 25205 20581 28644 23287 21747 28030 28955 27758 30278 23322 28093
22 20505 25721 24829 24764 24265 24082 24323 23527 25567 27436 26552 27929 22135 20996 29714 29438 26401 25833 22845 28304 20668 23295
17 23086 21573 26253 29009 25661 24405 28708 27853 21943 24917 24720 27407 25128 23576 26571 21335 24601
20 22709 28314 24883 23850 22254 29366 29906 24344 21952 24692 24858 22615 26995 23337 26120 21210 22563 29851 21452 22662
19 26424 22859 26462 25839 25388 29548 26907 22622 30079 24631 25517 21085 24008 23231 26488 23691 28565 29764 20746
20 21488 28790 25534 28391 22806 24028 27440 27558 25402 21504 24031 21105 24620 27044 29421 29553 27516 21136 29410 28173
27 28078 22759 28888 21408 23631 20681 23169 25662 29923 22856 25752 24794 22953 23897 25931 26769 25782 28452 28293 21692 29992 27340 25871 28457 26042 26714 27940
25 25015 26849 25010 28656 24895 23471 22875 27811 29651 28505 29574 30149 24912 23275 21287 25435 21770 20542 23593 26002 21395 28453 27695 23048 29659
20 29859 28817 22344 20554 23115 27005 26645 26562 26434 30249 27782 25954 23703 21807 24674 27611 28638 21518 25061 27030
23 30105 22094 23362 29333 29451 21540 24009 28491 26175 30247 30223 27736 28436 24428 26753 20842 24905 25295 20887 23449 26084 29978 26199
23 20750 23409 26940 28857 23081 24866 28664 26911 21150 24602 27925 22411 23191 26641 24314 21257 22798 21081 27570 23868 26164 27357 23876
20 27490 22231 29262 27699 29936 29335 25461 22377 23660 27260 29512 25118 21945 26516 24818 24138 22342 24554 22753 29057
22 28189 22402 23082 22103 20500 22180 22160 29952 25162 24236 24708 22044 26797 27061 29211 25246 21933 24584 26536 29961 28744 21430
24 23374 23832 23833 23760 24820 23401 27214 24766 28216 24096 27988 25140 30170 30231 23202 28331 24828 26842 26265 21606 27787 27127 20659 24930
26 21700 27702 23132 21598 23971 29989 27026 28938 24523 27810 21066 25958 25876 23124 29984 23574 22156 26347 26418 28650 28209 25962 29026 26739 22616 26352
19 29056 21910 27781 30227 26863 24283 26676 25414 23736 27979 29628 28793 29110 22711 27279 23025 20325 24661 28481
17 25174 25587 29231 30250 23256 29966 26988 24844 29567 21967 24104 24591 20374 21595 23263 27770 21436
22 22926 23255 23271 26397 22609 26472 29827 20328 29789 24802 30020 29863 22896 27315 21785 28969 27585 22052 21228 22174 25387 23782
24 25576 25938 29183 23444 23845 23457 24506 22752 29914 21145 21887 22714 22529 28933 28582 24726 28133 25160 24950 28138 20661 28325 29710 21596
25 26928 25094 20881 29701 23577 24243 29385 25008 29875 28382 24090 22495 25688 21019 24412 22074 22188 26417 22275 24915 28079 28780 30156 24083 26518
21 26840 28229 25677 25810 26305 25711 23958 22761 25156 25346 24957 21916 29035 25165 30072 22263 23797 30276 23498 26749 26979
21 26320 24977 20819 26770 26174 25129 22895 28536 27015 21814 23044 20906 20528 29800 22202 21092 25604 20339 28263 27662 25251
20 22885 27168 26806 24714 27590 24665 21322 24572 26430 27713 22710 29786 29898 30226 29371 27732 20604 26715 29177 23603
20 25864 25017 28041 22564 25537 26298 26839 24909 21922 20891 25746 23064 27649 24377 25630 21386 27505 21548 22157 23104
24 25347 21956 22835 24903 22118 29139 21889 24327 29844 29822 20563 23310 21914 25141 25117 20428 22978 22909 29104 28286 24343 25256 25473 27652
21 26438 22104 23015 27431 22587 21961 22789 28915 23558 25767 23507 27144 23995 26363 28738 28808 28516 23447 22957 23643 29627
27 22076 24366 29235 29034 30013 29085 21985 26551 26592 20823 29853 26264 29303 26223 21008 25801 21935 23350 22830 30015 21332 23693 20697 24970 24800 24532 21585
21 23873 24160 26707 26077 22101 22281 21600 28824 22205 28089 29445 22942 21927 24264 23780 28648 30042 21851 27825 24944 24448
23 28654 21787 26231 22572 28495 20599 28317 22405 24071 24319 27153 29170 30126 23514 30262 28341 27244 25321 30267 27103 25685 20569 21736
24 23324 26983 23611 25284 26970 29580 22277 29051 22252 23698 27430 22013 22602 21207 24449 28863 23502 27117 26209 28328 29534 22445 20383 20956
24 29495 28746 21853 22396 25824 21183 20465 20961 29391 22415 21143 24951 21133 26683 30099 25330 25255 20947 25612 26513 27753 25760 26431 25845
25 20515 22833 23198 28819 22663 23729 27102 26882 27527 28374 23396 29572 28182 28132 22522 20670 20640 22960 26949 23477 21348 26474 27704 23433 26402
21 24993 23311 21159 24458 26997 22292 24476 29533 23872 22213 25041 29067 20577 20907 27561 20903 29370 28541 28625 20396 20933
20 26391 28543 24209 24016 28482 26295 26419 23134 20375 25171 24373 25598 28398 22468 23663 21888 27769 23408 28303 30246
19 24317 27145 24946 20344 21557 22891 24332 25350 21390 29648 27656 25790 26055 26329 28861 23102 29309 25556 23651
22 26358 23239 24986 29402 25578 28016 24213 27783 21413 29985 25908 22005 22769 29245 26787 23023 22558 29192 23633 21607 29217 27530
27 20814 26890 27674 22744 23966 24991 29258 22730 28813 27553 24588 22905 24825 24354 24852 26040 20360 29958 29490 29967 21342 23986 23644 25679 24659 25727 23394
24 25178 21806 29047 20890 29588 26444 26962 26404 21073 21329 25390 22791 26312 29076 25258 26742 21164 28043 29375 28238 28556 21983 29176 22399
29 28211 25984 25353 25038 22930 28449 23318 28823 21782 24599 28466 21503 30049 28319 21528 27849 21371 27890 21761 26556 28812 21708 29270 24166 26096 26318 26105 29849 28283
18 21402 28155 26614 20742 23991 28130 21837 29815 21047 28302 22548 21448 27593 24679 23361 22371 24880 25973
21 29201 26233 27025 27622 25818 27289 20442 22650 20827 25660 20952 29472 25273 27207 29117 24284 30006 27008 25203 26776 27504
27 23022 27573 27773 27332 23302 28364 21160 25892 24164 27320 25307 20975 27039 22573 20600 21685 23285 29520 26495 22383 24647 22140 28426 21906 28949 22637 29868
29 22890 29910 26154 22249 24288 25588 28862 21195 26802 28605 23880 27337 27501 29529 21682 24660 21959 21649 26706 26093 22586 29185 29975 28244 29878 28456 28592 25942 25883
23 25776 23706 27305 22391 26659 23727 22256 24537 24268 26443 23899 21840 26914 26478 30127 24902 24678 26969 30101 22738 23575 29168 29544
22 27774 26331 22357 28522 27827 23786 27642 21741 29689 28086 24505 25917 27271 23949 29025 26613 24120 21407 28896 23240 24757 23816
23 30130 23204 23117 23147 26325 26284 24627 28583 23573 24272 23315 29819 28264 26703 26483 22884 25523 23331 21158 25887 27560 21424 23584
24 29657 22674 26355 26836 20954 20391 28859 21631 30143 25149 28461 20684 29302 29480 22803 30053 21471 25159 23381 21604 22304 23907 28181 26644
19 24897 29282 23267 21308 23237 23261 29597 21826 29349 23011 24242 27299 29692 25595 20897 22589 28345 24437 30258
16 21280 25078 29133 21582 26804 24872 27606 28643 26234 21839 23960 23185 24746 28514 20480 28766
18 22868 25981 25988 22407 29073 24811 30214 30004 23534 26382 20795 27666 24619 29247 21174 26125 29347 22535
27 23857 28108 26162 20980 22408 22994 24342 21634 21817 27937 26573 26985 28840 21639 20689 23902 23692 22255 27310 28069 29181 25881 25261 29456 23135 26489 28797
27 20580 29018 27840 29194 26484 29982 27190 28626 27155 26282 27080 22530 22636 27817 25729 24460 28042 26732 25138 29202 22419 27339 27722 26387 23195 24892 29216
21 24111 26218 29046 21020 26627 26068 21758 22846 25747 28607 20701 26281 27372 25016 26621 21722 29611 20555 25859 22541 26415
21 30071 26867 23288 26050 22560 23187 22869 24177 24767 20575 27091 21868 26699 22509 21742 22603 24906 29419 29829 29666 20723
26 24667 27911 27727 20756 23024 26122 26022 20998 27801 28662 24528 29929 28699 29956 24198 25602 27045 28412 25609 25745 26207 26052 29937 22606 21609 29040
16 28399 26623 30172 21185 30122 27903 28243 24956 21137 29977 25417 26678 22369 22959 26566 20868
19 26476 24132 29219 24969 23229 22034 23661 29142 24388 27280 21764 22837 28942 28968 22481 21181 24077 29641 25693
27 26959 28782 20821 25519 20484 25296 22786 28754 24126 27754 26861 21866 22610 23556 29772 29353 27794 23671 24101 23424 20370 23849 25373 27414 22983 28595 28835
23 25543 21688 26608 26014 25564 21988 29042 22922 28429 26945 26771 28747 27873 23905 24043 26897 24727 29204 30031 27493 22625 20844 22604
23 21538 29734 29248 26680 25123 20675 29479 21060 21380 28755 20571 22434 25995 27164 23815 27647 24109 24384 29279 24807 25581 24651 25278
27 29466 25773 23476 28544 26314 26781 24787 27694 27496 20458 21311 27701 20610 25542 27458 21716 27060 27985 24569 26951 27374 25358 28796 26856 20409 29759 25504
27 29707 25507 28146 24687 24600 28280 24339 26383 23036 26496 28574 24465 22092 26821 26824 30019 27075 20931 28440 24024 22211 24968 25617 24420 23723 24653 30093
20 26139 25011 23669 20859 27920 28975 28020 25952 27137 25182 28278 28201 24724 27019 27835 23710 29957 21738 23537 22678
19 23858 28539 21382 20424 22779 29435 25591 22776 20629 22329 21316 26833 20778 22385 26915 28653 24153 21714 21267
23 26291 30298 28075 24893 26957 24762 24525 23801 22002 29502 24040 25722 20948 29703 21939 24229 25465 27863 21848 29963 29381 24976 27494
18 26582 27497 25936 27523 26412 26194 26610 28613 24375 29090 29582 24098 22012 21796 29802 25177 30239 20993
25 28050 23747 28842 22030 27410 24672 24639 24297 27596 29877 21130 23579 24409 24737 27176 26702 24348 23718 29127 28114 22011 25850 24461 24208 24924
21 22460 22178 21752 29045 27151 22680 24457 23853 28606 28385 26187 22788 26034 29727 23798 25670 23155 23909 23618 30173 29696
21 29267 23588 26520 28573 22817 28346 21757 29702 27370 26342 24102 29535 30299 24463 21564 26977 20663 25029 26634 22324 27910
19 27146 27255 25243 27635 22500 23438 21086 27902 22793 26053 24140 26523 27304 21705 29745 22780 21671 22168 26583
21 26783 25668 23317 21584 27898 27229 29513 24548 25294 25798 27227 23148 23439 29769 28127 26889 28118 24768 22713 21850 23578