85 10302 10125 10055 9936 9916 9834 9679 9581 9445 9379 9341 9233 9180 9088 9019 8972 8830 8778 8756 8736 8696 8634 8486 8421 8371 8349 8256 8107 8054 8019 7885 7805 7731 7623 7541 7402 7318 7246 7171 7152 7111 7064 6987 6969 6904 6847 6770 6685 6647 6595 6537 6518 6447 6302 6127 6081 6004 5926 5810 5800 5595 5546 5511 5403 5317 5251 5054 4925 4870 4799 4768 4699 4628 4585 4477 4414 4359 4308 4207 4153 4021 3920 3791 3687 3452
82 10301 10170 10042 9901 9856 9808 9718 9615 9485 9429 9421 9351 9297 9209 9113 9020 8960 8838 8806 8706 8607 8570 8509 8468 8417 8315 8147 8045 8035 7939 7819 7769 7701 7676 7637 7540 7496 7424 7243 7190 7121 7038 6980 6919 6825 6748 6663 6577 6497 6428 6353 6327 6222 6060 5939 5728 5715 5623 5530 5381 5373 5311 5207 5172 5156 5031 4998 4902 4788 4751 4676 4625 4523 4407 4321 4296 4190 3991 3858 3836 3641 3528
85 10300 10203 10167 10124 10044 9988 9866 9791 9688 9586 9524 9457 9339 9220 9127 9114 9039 8970 8863 8698 8667 8621 8557 8439 8303 8273 8171 8119 8049 7975 7836 7773 7646 7538 7467 7368 7253 7196 7028 6927 6843 6746 6733 6680 6585 6485 6422 6378 6349 6320 6249 6167 6133 6045 6025 6022 5960 5927 5863 5733 5643 5594 5531 5498 5437 5364 5247 5173 5092 5028 4899 4781 4685 4594 4446 4357 4318 4130 4105 4039 3881 3737 3640 3534 3435
81 10299 10127 10104 10086 10030 9925 9814 9670 9546 9469 9444 9378 9332 9273 9234 9176 9149 9073 9026 8985 8883 8832 8708 8577 8402 8344 8219 8141 8067 7981 7874 7756 7667 7586 7428 7332 7267 7124 7029 6982 6916 6869 6775 6744 6628 6580 6459 6384 6234 6172 6129 5929 5846 5698 5618 5583 5431 5366 5242 5213 5137 5048 4990 4862 4845 4769 4690 4607 4544 4478 4334 4230 4144 3975 3949 3880 3817 3797 3672 3649 3590
91 10298 10136 10009 9951 9931 9851 9833 9767 9702 9639 9573 9489 9358 9247 9071 8927 8728 8585 8530 8517 8415 8316 8306 8250 8161 8113 8084 7971 7910 7884 7762 7741 7716 7693 7575 7545 7465 7397 7391 7374 7340 7300 7230 7091 7043 6930 6893 6785 6652 6582 6515 6330 6225 6173 6063 6051 5944 5838 5768 5701 5663 5579 5529 5506 5356 5318 5269 5250 5225 5171 5053 4906 4863 4812 4718 4717 4643 4570 4534 4489 4405 4280 4165 4149 4100 4037 4005 3907 3758 3708 3638
79 10297 10145 10078 9977 9842 9684 9518 9417 9343 9107 8882 8773 8727 8581 8539 8508 8393 8325 8253 8233 8132 8057 7993 7967 7912 7801 7677 7509 7429 7336 7292 7239 7079 6961 6887 6801 6725 6657 6548 6403 6364 6283 6243 6166 6093 5968 5950 5896 5818 5632 5497 5394 5287 5144 5102 4934 4874 4855 4817 4658 4601 4548 4496 4469 4451 4324 4291 4258 4187 4081 4030 3983 3918 3841 3792 3677 3632 3596 3477
84 10296 10189 10150 10013 9959 9899 9769 9685 9575 9512 9431 9194 9163 9126 9012 8924 8822 8785 8746 8653 8595 8529 8448 8289 8209 8199 8036 7845 7757 7589 7480 7448 7366 7268 7200 7144 7059 6942 6857 6732 6609 6574 6527 6489 6409 6389 6317 6260 6182 6118 6039 5903 5792 5748 5545 5450 5443 5321 5264 5193 5176 5109 5081 5060 5023 4935 4860 4800 4733 4657 4621 4598 4529 4427 4307 4233 4112 4017 3837 3798 3777 3597 3583 3555
84 10295 10090 10040 9983 9909 9822 9754 9631 9537 9515 9430 9352 9329 9278 9189 9150 9034 8849 8818 8742 8677 8540 8495 8356 8157 8039 7891 7827 7720 7695 7649 7523 7387 7339 7315 7216 7141 7081 7056 7010 6918 6913 6840 6771 6691 6646 6554 6519 6453 6382 6299 6274 6159 6143 6037 5974 5854 5779 5705 5682 5635 5543 5410 5371 5232 5206 5150 5062 4980 4853 4787 4736 4568 4530 4429 4352 4255 4197 4123 4040 4000 3899 3782 3579
90 10294 10176 10021 9872 9846 9678 9623 9612 9521 9441 9348 9298 9252 9164 9090 8991 8931 8876 8850 8809 8722 8600 8568 8462 8381 8319 8262 8208 8188 8121 7979 7960 7902 7812 7655 7599 7557 7426 7294 7278 7205 7129 7039 7015 6940 6858 6807 6751 6701 6616 6569 6540 6451 6420 6314 6255 6149 6070 6018 5940 5931 5751 5681 5628 5559 5496 5435 5401 5339 5334 5289 5135 5071 4941 4848 4776 4737 4653 4554 4433 4365 4269 4216 4109 4033 3935 3802 3711 3671 3626
79 10293 10174 10106 9958 9894 9798 9734 9611 9584 9514 9388 9292 9211 9109 9066 9030 8892 8702 8652 8542 8476 8407 8383 8269 8203 8085 7992 7906 7786 7653 7613 7529 7503 7417 7308 7224 7161 7013 6917 6894 6881 6797 6743 6696 6544 6511 6412 6196 6096 5992 5897 5803 5729 5650 5538 5350 5284 5262 5203 5133 5079 5021 4947 4890 4801 4783 4724 4614 4470 4406 4369 4263 4204 4051 3902 3788 3732 3698 3585
86 10292 10210 10202 10110 10016 9843 9811 9697 9571 9534 9459 9423 9397 9328 9219 9110 8982 8913 8873 8864 8823 8775 8763 8640 8564 8481 8430 8308 8261 8206 8076 7982 7850 7797 7775 7671 7617 7565 7472 7455 7432 7335 7273 7228 7140 6996 6954 6849 6773 6752 6695 6600 6506 6413 6336 6119 6054 5994 5953 5791 5752 5646 5558 5479 5420 5375 5325 5274 5211 5120 5046 5022 4908 4775 4687 4634 4617 4494 4413 4271 4136 4031 4004 3868 3761 3656
88 10291 10219 10156 10077 9946 9918 9857 9785 9709 9625 9454 9377 9323 9213 9147 9118 9023 8836 8794 8711 8614 8496 8449 8359 8224 8117 8056 7999 7949 7932 7870 7833 7787 7724 7642 7570 7524 7444 7325 7271 7160 7109 7024 6990 6889 6760 6627 6516 6495 6425 6395 6286 6188 6122 6065 6024 5942 5853 5782 5708 5608 5487 5382 5191 5129 5068 4997 4962 4958 4907 4880 4747 4668 4626 4588 4564 4524 4448 4358 4315 4206 4145 4044 3955 3864 3774 3756 3625
91 10290 10151 10051 9979 9926 9910 9869 9804 9752 9641 9462 9359 9288 9260 9124 9103 9029 8902 8783 8721 8688 8613 8513 8484 8441 8390 8348 8302 8286 8217 8153 8106 7988 7947 7853 7778 7722 7644 7591 7527 7385 7191 7138 7027 6984 6948 6908 6788 6557 6513 6423 6295 6218 6171 6082 6028 5972 5842 5778 5657 5599 5480 5414 5282 5215 5177 5136 5061 4931 4813 4806 4744 4655 4599 4519 4415 4314 4266 4183 4124 4104 4038 3999 3911 3890 3852 3764 3713 3615 3581 3445
83 10289 10113 10010 9970 9819 9779 9693 9648 9458 9389 9354 9226 9188 9048 8951 8908 8885 8819 8734 8689 8525 8347 8294 8130 8078 7991 7897 7861 7763 7717 7664 7605 7547 7463 7425 7419 7291 7207 7142 7071 6993 6944 6846 6794 6708 6662 6614 6460 6386 6271 6244 6033 5894 5872 5825 5811 5764 5668 5556 5415 5332 5278 5123 5029 5024 4949 4777 4708 4620 4522 4471 4418 4300 4181 4079 4046 4012 3937 3760 3716 3654 3577 3291
80 10288 10186 10121 9963 9945 9868 9799 9763 9627 9523 9464 9390 9386 9374 9214 9024 8939 8932 8853 8760 8723 8673 8632 8625 8516 8422 8341 8189 8124 8003 7955 7865 7864 7806 7740 7665 7581 7382 7211 7133 7018 7001 6914 6810 6753 6619 6432 6361 6238 6116 5969 5912 5735 5675 5654 5566 5526 5423 5342 5301 5231 5119 5016 4972 4815 4707 4664 4576 4500 4388 4288 4185 4093 4042 3996 3874 3854 3754 3589 3497
85 10287 10159 10025 9965 9923 9906 9881 9735 9635 9596 9579 9476 9317 9270 9155 9104 9078 9047 8941 8901 8872 8732 8566 8424 8372 8299 8226 8207 8172 8073 7966 7929 7872 7793 7715 7708 7634 7506 7297 7106 7069 6983 6958 6841 6731 6660 6546 6472 6332 6324 6180 6164 6066 5995 5889 5848 5763 5707 5647 5482 5413 5365 5327 5263 5246 5124 4882 4760 4694 4590 4581 4514 4387 4351 4290 4198 4096 4022 3876 3738 3646 3605 3533 3453 3217
79 10286 10069 10017 9964 9893 9796 9705 9553 9510 9509 9498 9416 9353 9327 9221 9172 9108 8995 8918 8841 8726 8674 8608 8549 8532 8446 8355 8317 8296 8212 8037 7956 7905 7857 7696 7548 7452 7358 7238 7167 7066 7045 7000 6860 6728 6632 6566 6437 6248 6132 6031 5892 5783 5749 5702 5539 5400 5374 5161 4981 4913 4772 4682 4637 4612 4485 4444 4362 4267 4205 4140 4077 3973 3919 3882 3805 3771 3662 3439
94 10285 10188 10102 10034 9953 9941 9913 9888 9750 9661 9617 9555 9484 9452 9420 9326 9236 9161 9052 8999 8959 8917 8856 8828 8694 8650 8546 8504 8377 8345 8260 8200 8158 8047 7983 7953 7859 7800 7687 7638 7625 7618 7597 7495 7418 7289 7153 7051 6972 6929 6856 6778 6659 6501 6445 6405 6293 6217 6076 5911 5870 5797 5769 5662 5493 5396 5307 5170 5084 5018 5010 4963 4877 4773 4719 4680 4635 4549 4475 4452 4400 4354 4219 4141 4121 4101 4034 4023 3904 3861 3727 3650 3364 2990
82 10284 10181 10120 10053 10031 9940 9897 9739 9677 9567 9558 9443 9384 9315 9251 9157 9101 8997 8888 8791 8764 8741 8681 8594 8582 8537 8351 8300 8268 8140 8027 7951 7862 7820 7780 7588 7542 7449 7266 7232 7120 7050 6863 6679 6613 6588 6468 6354 6290 6258 6207 6162 6092 5922 5907 5822 5785 5727 5659 5522 5407 5276 5158 5069 4901 4859 4785 4670 4582 4468 4447 4385 4338 4265 4115 3932 3860 3762 3735 3705 3624 3515
84 10283 10155 10094 10073 9938 9858 9795 9695 9646 9632 9549 9472 9360 9303 9238 9170 8992 8803 8691 8571 8480 8406 8311 8178 8123 8093 8062 7961 7886 7789 7723 7561 7416 7262 7093 6995 6866 6723 6643 6586 6543 6407 6318 6296 6183 6014 5938 5883 5719 5687 5612 5597 5551 5483 5422 5376 5328 5178 5139 5039 5005 4951 4895 4856 4797 4698 4640 4610 4593 4586 4525 4397 4356 4344 4320 4238 4113 4016 3980 3894 3799 3752 3701 3572
95 10282 10183 10132 10066 9955 9883 9773 9738 9643 9590 9569 9470 9313 9265 9216 9116 9062 9008 8957 8904 8759 8712 8591 8536 8379 8264 8216 8194 8101 8032 7978 7950 7921 7855 7781 7688 7670 7635 7518 7410 7393 7356 7215 7119 7085 7052 6895 6879 6851 6705 6661 6562 6493 6411 6264 6035 5961 5934 5828 5740 5674 5570 5552 5475 5395 5275 5234 5142 5111 4973 4921 4864 4795 4762 4674 4584 4535 4464 4423 4372 4346 4327 4297 4214 4182 4097 3928 3862 3840 3819 3794 3725 3657 3607 3531
78 10281 10172 9996 9968 9907 9876 9874 9837 9807 9651 9582 9487 9410 9277 9239 9086 9016 8923 8834 8815 8638 8551 8470 8435 8312 8243 8198 8128 7987 7942 7892 7782 7585 7464 7395 7313 7223 7103 7074 6977 6883 6819 6738 6634 6545 6452 6427 6307 6211 6103 6011 5930 5832 5756 5667 5581 5527 5458 5238 5080 4937 4883 4857 4789 4743 4683 4510 4473 4437 4412 4330 4268 4199 4076 4008 3897 3767 3575
82 10280 10206 10087 9997 9928 9755 9595 9536 9380 9340 9279 9179 9056 9045 9033 8963 8860 8774 8735 8618 8533 8461 8451 8398 8279 8211 8196 8048 7964 7937 7856 7745 7662 7571 7482 7406 7316 7165 7135 7075 7002 6906 6842 6795 6563 6484 6319 6157 6056 6036 5865 5861 5766 5600 5507 5429 5303 5288 5255 5208 5132 4991 4953 4915 4898 4844 4746 4710 4665 4575 4560 4493 4398 4329 4152 3968 3926 3893 3810 3707 3522 3313
85 10279 10158 10005 9895 9831 9675 9634 9583 9552 9491 9422 9263 9206 9201 9130 9093 9028 8969 8962 8928 8879 8847 8761 8749 8692 8574 8538 8482 8408 8277 8270 8192 8104 8031 7973 7913 7854 7732 7660 7543 7522 7512 7461 7312 7218 7122 7070 7012 6998 6826 6670 6642 6556 6500 6414 6385 6357 6228 6091 6010 5956 5924 5796 5625 5495 5271 5105 4982 4804 4679 4541 4472 4376 4366 4279 4168 4089 4060 4002 3914 3826 3787 3715 3643 3574
79 10278 10208 10154 10045 9971 9835 9753 9638 9566 9506 9311 9261 9210 9050 8961 8938 8845 8663 8580 8515 8423 8346 8201 8148 8127 8102 8086 8040 8007 7948 7898 7866 7766 7690 7628 7566 7510 7433 7412 7354 7206 7086 7022 6804 6756 6636 6465 6417 6309 6190 6179 6126 6079 6067 6029 6006 5957 5891 5805 5607 5535 5430 5354 5336 5245 5147 5065 4970 4840 4673 4509 4363 4163 4083 4013 3803 3684 3617 3557
80 10277 10119 10041 9982 9877 9789 9723 9527 9453 9376 9283 9269 9254 9215 9141 9084 9000 8965 8949 8835 8748 8631 8560 8460 8418 8335 8240 8143 8006 7930 7842 7746 7735 7694 7648 7501 7376 7328 7233 7181 7150 7025 6870 6781 6727 6665 6603 6429 6365 6251 6197 6121 6087 5976 5923 5795 5665 5660 5508 5432 5399 5306 5070 4933 4886 4784 4723 4654 4553 4476 4399 4384 4337 4158 4027 3950 3784 3743 3518 2763
88 10276 10099 10070 10006 9873 9803 9751 9656 9563 9460 9408 9387 9264 9249 9197 9077 8946 8906 8867 8745 8678 8584 8524 8387 8293 8229 8114 8038 7894 7868 7838 7829 7747 7672 7656 7614 7531 7521 7498 7341 7322 7274 7113 7078 6985 6899 6814 6739 6522 6415 6373 6262 6160 6088 6020 5952 5868 5765 5609 5555 5520 5494 5470 5433 5292 5196 5118 5027 4932 4850 4809 4732 4693 4648 4563 4491 4459 4316 4276 4215 4171 4026 3959 3912 3833 3665 3610 3447
72 10275 10140 10112 10008 9878 9721 9706 9587 9522 9516 9320 9144 9046 8993 8769 8644 8523 8364 8244 8190 8098 7909 7863 7738 7733 7683 7594 7552 7470 7329 7307 7229 7156 7083 6947 6783 6688 6509 6366 6259 6250 6169 6151 6112 6042 5882 5849 5731 5590 5464 5367 5302 5216 5020 4930 4861 4791 4731 4705 4592 4436 4432 4325 4150 4139 4092 4045 3995 3775 3639 3608 3535
70 10274 10148 10020 9903 9788 9665 9618 9580 9543 9451 9304 9182 9112 9069 8956 8893 8802 8587 8477 8282 8063 8033 7933 7831 7744 7698 7601 7414 7362 7261 7236 7151 7099 6955 6845 6712 6573 6476 6370 6281 6229 6174 6009 5965 5873 5732 5621 5585 5510 5324 5218 5033 5014 4974 4938 4827 4734 4688 4600 4551 4367 4254 4166 4133 3941 3827 3742 3685 3629 3592
85 10273 10209 10147 10138 9922 9838 9800 9708 9589 9517 9413 9330 9259 9111 9065 9041 8945 8772 8752 8701 8643 8576 8494 8437 8292 8214 8154 8108 8064 8021 7959 7814 7705 7627 7534 7516 7431 7338 7225 7126 7060 6992 6853 6813 6676 6510 6457 6416 6291 6158 6107 6021 5899 5745 5717 5606 5562 5518 5469 5384 5358 5261 5222 5058 4944 4852 4821 4802 4700 4578 4538 4430 4345 4256 4221 4189 4110 4025 3867 3811 3770 3726 3700 3653 3612
84 10272 10214 10177 10081 9986 9935 9828 9770 9663 9598 9495 9396 9312 9185 9075 9021 8983 8954 8843 8781 8733 8690 8592 8510 8410 8363 8288 8176 8028 7895 7813 7761 7689 7576 7562 7459 7370 7250 7185 7054 7017 6926 6915 6844 6812 6720 6664 6591 6492 6439 6356 6304 6189 6101 5993 5881 5761 5630 5603 5580 5505 5474 5305 5280 5214 5117 5052 5008 4942 4846 4697 4567 4497 4326 4225 4116 4007 3942 3885 3872 3773 3749 3718 3558
93 10271 10201 10093 9995 9914 9885 9812 9713 9667 9621 9471 9419 9319 9231 9140 9085 9014 8937 8816 8787 8776 8633 8602 8554 8392 8284 8222 8180 8151 8109 8046 7903 7858 7788 7704 7587 7519 7451 7400 7334 7257 7214 7157 7116 7016 6938 6905 6859 6715 6689 6653 6597 6531 6448 6358 6275 6178 6155 6114 6098 6032 5917 5819 5744 5690 5620 5574 5481 5353 5240 5148 5095 4984 4833 4826 4765 4631 4492 4450 4380 4349 4322 4253 4224 4155 4102 4047 4009 3934 3813 3686 3616 3511
78 10270 10133 10019 9849 9749 9660 9479 9447 9400 9275 9102 8981 8910 8789 8731 8680 8647 8520 8498 8444 8396 8333 8266 8111 8012 7974 7936 7914 7832 7718 7607 7539 7477 7427 7349 7234 7114 6999 6832 6772 6735 6637 6576 6473 6399 6368 6328 6221 6090 5980 5874 5771 5710 5593 5449 5404 5313 5252 5186 5063 5001 4887 4761 4702 4623 4547 4484 4341 4305 4176 4071 3938 3913 3863 3710 3660 3620 3392
89 10269 10134 10096 10079 10012 9956 9912 9830 9766 9686 9637 9601 9533 9436 9395 9325 9235 9223 9181 9083 8930 8826 8743 8739 8687 8598 8526 8455 8411 8367 8304 8276 8134 8094 7996 7952 7843 7768 7633 7603 7593 7567 7494 7407 7331 7244 7154 7101 7047 7019 6910 6765 6677 6560 6512 6433 6396 6329 6278 6236 6210 6161 5990 5905 5824 5746 5694 5626 5534 5438 5283 5126 5087 5057 4993 4871 4778 4686 4521 4495 4402 4298 4201 4128 4075 3961 3848 3586 3547
81 10268 10137 10068 10001 9817 9692 9668 9538 9474 9437 9318 9241 9224 9203 9173 9099 8933 8871 8757 8624 8596 8487 8447 8329 8186 8103 8030 7995 7816 7641 7490 7398 7285 7118 7014 6924 6721 6644 6583 6504 6421 6369 6287 6233 6165 5996 5857 5747 5693 5636 5532 5418 5343 5268 5226 5204 5169 5154 5047 4952 4945 4796 4729 4604 4508 4462 4420 4355 4260 4191 4098 4084 4041 3993 3945 3900 3849 3783 3753 3680 3526
76 10267 10196 10050 9980 9950 9864 9813 9794 9669 9467 9414 9262 9175 9154 9063 9006 8889 8877 8808 8583 8412 8357 8225 8080 8011 7915 7817 7760 7673 7574 7462 7421 7350 7272 7189 7145 7006 6873 6815 6769 6697 6626 6552 6474 6418 6340 6208 6123 6003 5946 5815 5726 5563 5541 5442 5427 5335 5239 5180 5151 5077 4900 4819 4641 4605 4518 4457 4301 4242 4186 4069 3990 3832 3751 3697 3606
77 10266 10221 10179 10049 9957 9859 9765 9729 9662 9644 9591 9427 9335 9289 9195 9072 8996 8952 8878 8798 8782 8685 8645 8573 8414 8366 8328 8274 8218 8072 8016 7878 7737 7626 7476 7438 7369 7258 7188 7098 6978 6830 6729 6547 6424 6245 6131 6075 5958 5787 5716 5617 5370 5338 5308 5256 5127 5037 4936 4885 4830 4758 4720 4677 4573 4504 4434 4340 4313 4249 4231 4179 4107 4061 3886 3779 3571
89 10265 10195 10097 9989 9827 9787 9704 9674 9547 9504 9364 9276 9196 9183 9160 9125 9068 8987 8921 8831 8762 8686 8659 8628 8597 8438 8290 8193 8082 7916 7828 7752 7612 7578 7558 7499 7430 7380 7371 7168 6968 6901 6867 6833 6780 6687 6629 6587 6483 6375 6247 6048 5859 5831 5773 5673 5550 5524 5477 5391 5362 5270 5197 5152 5113 5099 5049 4923 4837 4774 4721 4649 4611 4606 4540 4419 4223 4147 4114 4068 4048 4010 3987 3891 3842 3736 3704 3573 3410
82 10264 10173 10074 10023 9990 9949 9860 9737 9683 9574 9433 9362 9246 9089 8986 8900 8813 8668 8639 8561 8457 8420 8338 8320 8285 8185 8131 8002 7922 7896 7791 7692 7486 7360 7310 7276 7178 7130 7067 6994 6923 6850 6817 6718 6638 6612 6438 6298 6266 6204 6104 6077 6027 5983 5888 5816 5776 5671 5642 5564 5499 5372 5337 5244 5143 5098 4964 4728 4671 4587 4558 4503 4302 4220 4103 3979 3943 3866 3857 3744 3681 3517
89 10263 10152 10075 10002 9879 9797 9629 9539 9497 9372 9306 9282 9080 9054 9005 8909 8859 8797 8703 8514 8369 8321 8228 8135 8001 7935 7767 7658 7629 7572 7514 7445 7413 7353 7321 7219 7097 7065 6979 6975 6949 6784 6759 6694 6648 6604 6521 6479 6410 6392 6331 6261 6216 6191 6150 5977 5860 5844 5840 5784 5737 5669 5651 5567 5456 5405 5340 5184 5121 5032 5003 4994 4985 4912 4816 4742 4644 4543 4501 4411 4364 4304 4212 4135 4120 3998 3888 3709 3560
79 10262 10098 10015 9954 9917 9829 9712 9528 9494 9440 9375 9301 9232 9146 9070 8870 8825 8758 8627 8565 8511 8434 8365 8291 8202 8087 7882 7784 7663 7507 7439 7411 7263 7170 7063 6991 6898 6865 6761 6623 6487 6388 6343 6232 6128 6044 6013 5967 5916 5835 5798 5772 5720 5670 5648 5576 5533 5417 5309 5235 5183 5086 4976 4831 4786 4703 4537 4454 4270 4188 4118 3948 3898 3808 3691 3659 3633 3562 3418
88 10261 10175 10092 9915 9839 9777 9676 9561 9418 9267 9248 9222 9186 9060 9018 9009 8940 8833 8715 8684 8558 8478 8419 8340 8251 8234 8220 8159 8051 8026 7970 7883 7758 7691 7590 7513 7460 7327 7139 7061 6931 6824 6763 6700 6668 6553 6463 6391 6359 6339 6326 6288 6269 6223 6059 6008 5914 5837 5677 5640 5490 5392 5347 5205 5101 5066 4943 4834 4745 4672 4556 4507 4426 4244 4175 4111 4056 3982 3924 3873 3820 3780 3730 3693 3673 3631 3609 3438
80 10260 10165 10114 10039 10024 9999 9908 9847 9784 9764 9554 9499 9448 9296 9139 9119 9095 8990 8804 8718 8675 8572 8427 8385 8375 8310 8191 8013 7879 7803 7707 7622 7544 7500 7437 7346 7284 7245 7155 7107 6986 6946 6821 6790 6683 6617 6490 6342 6254 6185 6163 6109 6052 5984 5858 5722 5592 5528 5502 5419 5361 5314 5291 5249 5210 5125 5085 4996 4868 4798 4647 4481 4375 4259 4090 3958 3887 3728 3702 3647
86 10259 10212 10131 10085 10048 9973 9809 9710 9680 9628 9570 9488 9442 9308 9242 9205 9156 9040 8942 8858 8799 8682 8665 8590 8519 8464 8337 8252 8221 8129 8022 7917 7777 7730 7598 7546 7533 7440 7389 7319 7281 7183 7096 6962 6886 6811 6776 6762 6726 6651 6559 6549 6498 6449 6377 6154 6049 5966 5886 5869 5799 5700 5649 5629 5504 5439 5359 5329 5236 5110 5051 5006 4929 4873 4770 4740 4678 4465 4239 4062 3969 3921 3785 3748 3699 3536
85 10258 10178 10111 9984 9863 9728 9659 9548 9503 9334 9266 9198 9162 9132 9032 8929 8824 8661 8599 8473 8440 8388 8313 8295 8272 8245 8163 8058 7958 7904 7810 7659 7608 7484 7305 7248 7210 7095 7040 6921 6888 6793 6766 6698 6639 6536 6494 6350 6323 6231 6209 6144 6083 6040 5906 5877 5852 5750 5549 5509 5454 5296 5200 5128 5045 4956 4919 4842 4759 4596 4526 4456 4422 4381 4311 4278 4174 4024 3879 3804 3740 3683 3644 3634 3604
80 10257 10163 10091 9944 9805 9736 9658 9600 9501 9366 9321 9199 9092 9074 8994 8922 8866 8805 8751 8619 8534 8453 8428 8265 8235 8142 8041 7963 7734 7493 7384 7320 7182 7105 7055 7003 6939 6831 6755 6707 6625 6584 6387 6325 6134 6086 6017 5973 5932 5802 5739 5688 5631 5596 5553 5492 5369 5286 5254 5100 5012 4968 4884 4814 4715 4583 4516 4328 4264 4217 4180 4129 4063 3972 3960 3909 3838 3724 3664 3500
87 10256 10218 10191 10153 10076 9987 9948 9900 9823 9707 9604 9559 9532 9508 9407 9331 9284 9191 9184 9159 9120 9059 9003 8977 8844 8747 8660 8626 8528 8456 8403 8184 8095 8009 7783 7729 7669 7606 7442 7326 7282 7259 7251 7173 7076 7007 6829 6791 6750 6672 6517 6406 6393 6305 6273 6136 6002 5919 5709 5680 5610 5548 5489 5389 5333 5277 5202 5083 5009 4959 4851 4713 4651 4603 4527 4408 4389 4283 4203 4091 3939 3923 3901 3853 3733 3678 3543
87 10255 10168 10032 9998 9929 9840 9742 9647 9624 9473 9373 9245 9192 9167 9145 9064 9031 8926 8890 8851 8707 8474 8378 8170 8152 8138 8069 7943 7849 7751 7684 7640 7551 7479 7415 7357 7255 7179 7112 7090 6911 6822 6722 6667 6611 6523 6442 6408 6321 6301 6280 6230 6215 6084 5920 5814 5781 5725 5692 5658 5561 5537 5484 5416 5409 5352 5233 5115 5026 4954 4894 4866 4823 4771 4689 4591 4532 4394 4284 4211 4125 3962 3905 3850 3734 3667 3613
79 10254 10194 10107 9947 9870 9748 9691 9652 9540 9425 9345 9253 9207 9169 9017 8958 8788 8779 8719 8672 8636 8586 8454 8362 8255 8034 7908 7755 7721 7584 7549 7485 7468 7256 7198 7123 7057 6989 6834 6796 6717 6681 6592 6533 6450 6397 6345 6284 6265 6239 6142 5991 5948 5867 5808 5742 5577 5473 5441 5363 5297 5145 5025 4940 4904 4878 4722 4622 4562 4458 4339 4275 4148 4094 3965 3839 3695 3669 3542
82 10253 10216 10200 10144 10063 9943 9867 9836 9782 9716 9607 9557 9505 9439 9371 9281 9122 9081 9051 9002 8950 8840 8730 8655 8579 8479 8370 8239 8155 8068 7941 7792 7726 7680 7620 7604 7577 7469 7403 7337 7252 7184 7149 7077 7072 6952 6872 6635 6508 6477 6464 6430 6315 6214 6152 6100 5954 5943 5847 5718 5689 5601 5386 5316 5230 5072 4969 4892 4854 4691 4656 4602 4445 4393 4285 4213 4160 4049 3963 3884 3682 3628
83 10252 10161 10122 10108 9962 9886 9841 9724 9599 9542 9426 9286 9142 9038 8944 8848 8654 8545 8492 8401 8368 8287 8187 8156 8079 7997 7809 7710 7700 7666 7621 7563 7492 7458 7367 7314 7227 7195 7163 7048 7037 6922 6907 6837 6754 6690 6610 6538 6467 6347 6252 6186 6071 5921 5887 5820 5759 5678 5644 5616 5573 5515 5448 5299 5192 5108 4950 4889 4779 4627 4545 4449 4371 4227 4164 4072 4011 3947 3889 3759 3703 3611 3484
87 10251 10184 10135 9991 9927 9780 9720 9681 9609 9513 9465 9399 9300 9272 9143 9131 9001 8895 8814 8679 8646 8610 8535 8409 8331 8318 8195 8149 7919 7899 7841 7815 7736 7668 7582 7526 7450 7394 7333 7186 7092 6965 6882 6713 6630 6571 6455 6404 6374 6335 6270 6241 6205 6176 6057 5997 5855 5789 5639 5604 5578 5468 5412 5315 5266 5160 5050 4914 4782 4666 4615 4580 4552 4480 4404 4310 4250 4194 4143 4117 4053 3967 3933 3856 3763 3652 3588
75 10250 10166 10089 10047 9921 9793 9690 9642 9594 9568 9480 9424 9305 9133 9076 8925 8810 8548 8471 8374 8231 8120 8091 7984 7924 7818 7712 7657 7602 7569 7409 7324 7226 7068 6897 6835 6757 6709 6590 6466 6341 6187 6148 6047 6001 5900 5826 5695 5633 5542 5503 5460 5259 5179 5168 5093 5034 4967 4835 4726 4709 4645 4618 4550 4390 4234 4178 4052 3989 3917 3851 3795 3729 3539 3501
94 10249 10198 10129 10118 10084 10072 10035 10007 9852 9845 9768 9605 9564 9507 9401 9333 9258 9148 8943 8887 8869 8792 8753 8714 8651 8562 8399 8247 8182 8133 8088 8008 7911 7839 7808 7647 7592 7525 7489 7454 7405 7279 7164 7036 6957 6878 6808 6711 6598 6570 6534 6471 6362 6267 6170 6120 5981 5928 5880 5864 5843 5777 5691 5684 5627 5478 5472 5440 5380 5293 5201 5140 5089 5042 4911 4847 4757 4711 4624 4542 4442 4396 4303 4170 4106 4050 3988 3906 3878 3786 3765 3721 3679 3621
84 10248 10190 9992 9744 9645 9597 9550 9544 9525 9411 9322 9228 9082 8905 8683 8622 8518 8436 8404 8275 8162 8118 8052 7907 7794 7725 7702 7685 7616 7553 7497 7359 7309 7241 7208 7162 7088 7033 6956 6941 6928 6880 6839 6768 6703 6649 6565 6539 6496 6426 6294 6212 6145 6111 6000 5909 5833 5645 5615 5575 5452 5349 5319 5241 5188 5159 5000 4977 4922 4829 4646 4557 4506 4453 4421 4292 4142 4018 3815 3812 3778 3723 3676 3603
87 10247 10215 10193 10038 10000 9961 9865 9850 9696 9493 9383 9382 9368 9316 9230 9190 9165 9153 9044 8898 8817 8793 8729 8635 8521 8395 8254 8175 8125 8089 8050 7826 7764 7706 7564 7373 7254 7204 7187 7044 7009 6937 6890 6827 6809 6758 6671 6558 6507 6454 6297 6227 6102 6058 5987 5862 5786 5723 5602 5536 5436 5377 5320 5228 5138 5097 5002 4995 4909 4875 4867 4764 4661 4616 4566 4443 4286 4246 4241 4210 4137 3951 3892 3822 3793 3722 3658
86 10246 10146 10037 9932 9875 9844 9771 9758 9722 9714 9671 9610 9560 9526 9356 9240 9166 9057 9013 8966 8854 8662 8556 8485 8463 8416 8339 8283 8241 8167 8023 7968 7926 7852 7837 7674 7530 7456 7361 7348 7293 7264 7175 7042 6967 6789 6740 6654 6589 6505 6434 6363 6192 6108 6055 5989 5925 5885 5780 5703 5605 5462 5428 5345 5248 5165 5074 5017 4957 4824 4725 4692 4639 4511 4498 4392 4374 4282 4222 4161 4078 4006 3875 3821 3741 3601
89 10245 10088 9994 9937 9898 9825 9774 9719 9672 9593 9529 9463 9391 9291 9257 9202 9137 9043 8980 8907 8842 8754 8656 8575 8499 8336 8177 8144 8110 8075 8025 7934 7877 7822 7770 7619 7555 7420 7345 7330 7299 7286 7269 7235 7180 7146 7073 7021 6912 6902 6854 6747 6658 6550 6482 6461 6303 6213 6135 6072 6015 5971 5884 5809 5637 5560 5426 5310 5167 5114 5035 4955 4825 4730 4633 4595 4536 4431 4360 4252 4134 4029 3931 3843 3818 3790 3690 3635 3001
86 10244 10052 9967 9824 9802 9776 9760 9687 9622 9608 9500 9432 9402 9347 9229 9096 9007 8912 8868 8780 8738 8717 8670 8615 8588 8458 8350 8267 8242 8205 8146 8096 7986 7900 7759 7699 7583 7505 7478 7408 7277 7193 7128 7008 6966 6896 6803 6716 6655 6535 6394 6376 6237 6199 6141 6095 6038 5949 5836 5712 5655 5584 5547 5491 5471 5378 5290 5157 5036 4810 4753 4629 4488 4425 4417 4293 4235 4070 3971 3970 3925 3877 3855 3747 3623 3584
89 10243 10199 10143 10095 10065 10043 9890 9848 9806 9757 9626 9562 9449 9385 9342 9268 9129 9061 9010 8948 8852 8771 8699 8620 8544 8488 8432 8309 8236 8166 8116 8090 7977 7887 7830 7750 7639 7508 7401 7280 7201 7084 7046 6936 6885 6749 6699 6555 6514 6456 6390 6346 6310 6226 6201 6097 5988 5856 5758 5686 5634 5569 5465 5357 5304 5189 5078 5011 4928 4869 4841 4739 4695 4642 4467 4386 4331 4218 4151 4082 4035 4019 4015 3946 3834 3746 3714 3651 3537
76 10242 10217 10060 10011 9934 9781 9640 9496 9307 9225 9053 8984 8934 8896 8861 8837 8801 8641 8489 8459 8376 8278 8164 8077 7998 7925 7823 7765 7651 7550 7396 7352 7288 7132 7058 6953 6852 6798 6692 6620 6599 6491 6441 6316 6279 6206 6078 6012 5908 5821 5770 5591 5411 5348 5281 5237 5088 4986 4916 4839 4748 4638 4577 4441 4368 4332 4274 4226 4162 4057 3974 3936 3830 3757 3661 3566
74 10241 10149 10062 9942 9862 9783 9747 9619 9572 9483 9405 9336 9285 9193 9106 8919 8720 8629 8563 8552 8426 8330 8215 8071 8014 7944 7873 7748 7643 7580 7447 7343 7221 7158 7041 7031 6950 6876 6818 6742 6564 6524 6419 6253 6099 6064 6016 5918 5817 5767 5741 5572 5476 5461 5387 5285 5209 5067 5007 4924 4818 4667 4579 4435 4379 4236 4156 4036 3994 3977 3930 3800 3645 3568
91 10240 10213 10123 10101 9974 9966 9756 9673 9654 9606 9502 9295 9178 9174 9152 9135 9058 8967 8935 8891 8820 8765 8642 8612 8603 8550 8501 8490 8397 8343 8301 8179 8136 8059 7848 7798 7711 7697 7630 7560 7475 7441 7283 7147 7087 6970 6864 6767 6686 6601 6532 6526 6458 6355 6289 6195 6184 6113 6110 6046 6019 5986 5941 5933 5754 5638 5613 5523 5463 5355 5253 5212 5130 5104 5056 5041 4946 4828 4684 4565 4463 4409 4333 4251 4177 4099 3985 3908 3844 3755 3593
80 10239 10169 10141 10080 10059 10029 9904 9818 9731 9577 9381 9346 9237 9067 8971 8955 8916 8874 8829 8740 8553 8472 8361 8298 8258 8183 8122 8074 8015 7957 7940 7835 7776 7703 7661 7596 7528 7457 7386 7203 7080 6964 6884 6737 6645 6607 6567 6502 6344 6282 6242 6168 6050 5964 5945 5893 5801 5743 5683 5588 5500 5444 5272 5224 5091 4992 4891 4763 4650 4513 4342 4289 4208 4073 3957 3915 3859 3766 3719 3637
92 10238 10139 10014 9920 9743 9725 9711 9664 9551 9520 9486 9361 9280 9200 9098 9036 9011 8974 8915 8911 8846 8770 8725 8664 8637 8541 8500 8425 8322 8246 8238 8169 8137 8070 8005 7923 7881 7821 7754 7686 7537 7435 7399 7303 7213 7137 7102 7062 6981 6875 6855 6816 6745 6675 6622 6503 6351 6311 6257 6115 6073 5970 5879 5830 5788 5724 5589 5557 5521 5451 5360 5260 5162 5076 4999 4865 4811 4738 4659 4613 4555 4520 4347 4312 4172 3981 3883 3814 3712 3655 3618 3037
83 10237 10220 10180 10162 10027 9889 9792 9717 9689 9478 9365 9299 9204 9087 8998 8988 8914 8839 8657 8527 8358 8271 8181 8100 8010 7985 7965 7918 7802 7631 7610 7573 7372 7317 7247 7199 6976 6862 6779 6741 6714 6641 6572 6499 6436 6352 6312 6138 5955 5895 5878 5812 5738 5676 5598 5466 5425 5383 5295 5146 5073 4989 4920 4822 4766 4706 4597 4539 4479 4373 4306 4262 4146 4119 4095 4066 4003 3871 3823 3776 3689 3594 3485
86 10236 10142 10058 10004 9919 9832 9775 9633 9602 9412 9393 9350 9274 9212 9094 9042 8979 8894 8812 8777 8744 8704 8666 8469 8413 8391 8324 8112 8042 7920 7869 7749 7554 7491 7453 7377 7304 7270 7174 7136 7089 7011 6874 6787 6734 6624 6568 6480 6381 6360 6292 6219 6181 6156 6125 6117 5936 5813 5774 5697 5641 5513 5434 5393 5368 5198 5134 4961 4879 4793 4741 4712 4662 4505 4483 4428 4353 4245 4184 4064 3944 3922 3903 3801 3675 3582
78 10235 10130 10109 10083 9911 9826 9715 9657 9545 9435 9250 9177 8973 8886 8795 8767 8716 8676 8601 8503 8353 8213 8173 8105 8065 7989 7876 7727 7675 7615 7487 7364 7260 7177 7023 6909 6828 6684 6525 6440 6372 6333 6272 6203 6130 6053 6005 5979 5963 5935 5827 5736 5664 5622 5582 5525 5485 5385 5300 5190 5141 5094 5059 4975 4790 4756 4636 4589 4461 4440 4378 4228 4193 4065 4032 3835 3745 3580
89 10234 10192 10057 9975 9905 9821 9701 9650 9649 9576 9519 9461 9455 9406 9349 9294 9218 9171 9115 8989 8920 8811 8710 8649 8559 8389 8297 8249 8230 8210 8165 8029 7945 7889 7790 7681 7473 7404 7363 7237 7104 7034 6959 6877 6838 6764 6693 6615 6602 6578 6530 6435 6338 6224 6177 6105 5962 5898 5790 5730 5672 5540 5457 5408 5344 5265 5174 5038 5030 4978 4888 4805 4735 4652 4608 4574 4531 4512 4439 4343 4273 4247 4237 4167 4059 3976 3789 3720 3636
80 10233 10185 10126 10054 9985 9882 9730 9620 9541 9466 9394 9302 9136 8947 8857 8800 8709 8693 8611 8555 8506 8502 8450 8380 8227 8043 7893 7860 7742 7709 7645 7559 7504 7390 7302 7290 7240 7110 6973 6900 6786 6719 6618 6581 6462 6443 6380 6246 6194 6068 5915 5871 5829 5696 5653 5619 5565 5402 5331 5229 5163 5103 5064 5004 4858 4832 4663 4482 4361 4294 4232 4192 4126 4087 3997 3927 3809 3694 3602 3494
96 10232 10205 10160 10018 9978 9880 9815 9762 9732 9682 9616 9531 9490 9450 9404 9324 9256 9217 9097 9055 9015 8880 8855 8609 8505 8433 8259 8160 8097 8081 7976 7888 7840 7796 7739 7719 7611 7536 7474 7355 7295 7231 7192 7143 7108 7026 6935 6891 6777 6702 6666 6528 6478 6367 6268 6220 6175 6106 6061 6007 5890 5866 5845 5760 5685 5661 5624 5455 5379 5341 5257 5185 5153 5055 4910 4849 4808 4609 4572 4533 4460 4383 4309 4257 4209 4132 4108 4085 3964 3865 3831 3796 3750 3674 3627 3480
84 10231 10187 10071 9896 9759 9603 9468 9363 9287 9158 9025 8897 8786 8737 8724 8671 8589 8531 8442 8384 8334 8323 8232 8139 8060 8017 8000 7931 7871 7795 7772 7679 7624 7511 7378 7351 7323 7131 7049 6951 6943 6868 6710 6678 6640 6605 6551 6398 6337 6285 6256 6137 6089 6041 6030 5999 5839 5755 5699 5611 5514 5445 5390 5258 5243 5131 4983 4896 4803 4701 4486 4424 4348 4295 4272 4196 4127 4058 3978 3953 3895 3825 3706 3630
85 10230 10128 10100 10056 9993 9871 9861 9772 9666 9475 9409 9338 9117 8978 8827 8750 8697 8606 8512 8467 8400 8327 8204 8099 7990 7851 7807 7753 7678 7532 7481 7422 7365 7311 7301 7287 7222 7166 7125 7032 6988 6945 6871 6806 6774 6674 6608 6575 6529 6470 6263 6140 5959 5947 5806 5757 5704 5571 5488 5446 5406 5273 5219 5182 5116 5044 4939 4838 4767 4660 4630 4499 4416 4350 4335 4261 4200 4055 3940 3829 3772 3670 3619 3548 3451
82 10229 10204 10182 10067 10026 9976 9853 9820 9778 9761 9700 9653 9613 9535 9446 9367 9227 9079 9037 8968 8796 8700 8623 8578 8493 8443 8352 8305 8168 8055 7969 7938 7844 7774 7714 7483 7446 7392 7275 7249 7169 7117 6934 6903 6792 6706 6621 6579 6481 6402 6306 6235 6153 6080 5998 5841 5762 5666 5516 5424 5323 5294 5223 5166 5096 4988 4927 4876 4681 4546 4487 4410 4323 4248 4202 4157 4054 4028 3952 3869 3739 3149
80 10228 10157 10033 10003 9972 9924 9891 9816 9698 9636 9578 9511 9482 9438 9369 9290 9134 8976 8862 8669 8491 8360 8326 8223 8126 8083 7954 7890 7875 7825 7632 7383 7220 7134 7082 7004 6932 6805 6704 6520 6383 6334 6277 6200 6139 6074 6026 5975 5876 5850 5807 5713 5656 5544 5453 5388 5330 5298 5267 5155 5075 4965 4903 4843 4754 4704 4619 4515 4466 4401 4287 4277 4169 4086 3986 3954 3870 3768 3668 3508
82 10227 10207 10115 10103 10064 10022 9960 9902 9740 9630 9592 9481 9415 9392 9357 9310 9244 9100 9027 9004 8899 8766 8713 8604 8567 8466 8332 8197 8020 7946 7847 7779 7682 7502 7436 7342 7212 7115 6974 6960 6861 6799 6736 6682 6541 6475 6444 6313 6147 6069 5982 5937 5904 5794 5652 5568 5517 5459 5322 5279 5181 5122 5082 5040 4966 4872 4780 4749 4696 4571 4403 4377 4336 4243 4138 4080 4014 3929 3824 3816 3731 3666
86 10226 10061 9933 9887 9786 9694 9565 9434 9355 9271 9151 9123 9091 9022 8975 8903 8881 8790 8705 8617 8475 8452 8429 8386 8307 8248 8145 8024 7980 7811 7771 7654 7650 7595 7568 7515 7375 7296 7217 7197 7172 7030 6836 6802 6724 6633 6542 6431 6379 6300 6193 6062 5951 5851 5793 5753 5711 5679 5501 5326 5195 5187 5107 4987 4918 4905 4897 4820 4807 4750 4714 4559 4474 4382 4317 4195 4154 4088 4001 3916 3847 3781 3688 3595 3569 3356
79 10225 10117 10028 9930 9854 9790 9745 9727 9655 9614 9556 9477 9370 9293 9208 9168 9128 9035 8884 8821 8695 8648 8616 8543 8465 8394 8382 8263 8174 8115 8053 8004 7880 7846 7652 7517 7443 7388 7306 7242 7159 7100 6997 6925 6820 6656 6594 6488 6400 6348 6146 6094 6043 5985 5913 5823 5734 5587 5519 5397 5220 5199 5164 5019 4979 4948 4792 4675 4569 4455 4370 4281 4131 4074 3984 3846 3806 3598 3563
82 10224 10197 10116 10105 10046 9939 9801 9733 9585 9492 9398 9309 9187 8964 8865 8768 8630 8605 8569 8522 8507 8431 8405 8342 8281 8257 8092 8061 7994 7962 7928 7901 7834 7804 7636 7556 7466 7434 7379 7347 7298 7209 7127 7053 7020 6971 6848 6650 6596 6486 6371 6240 6202 6124 5902 5875 5834 5804 5714 5706 5586 5421 5346 5221 5194 5112 4960 4917 4881 4794 4755 4632 4528 4502 4438 4319 4173 4067 3910 3807 3648 3561
84 10223 10211 10164 10036 9981 9952 9892 9746 9726 9699 9588 9456 9403 9337 9314 9255 9138 9105 8936 8807 8658 8547 8483 8373 8280 8237 8066 8018 7972 7799 7743 7713 7600 7520 7471 7423 7381 7202 7148 7035 7005 6933 6892 6800 6730 6673 6606 6593 6446 6401 6308 6198 6034 5901 5721 5614 5554 5486 5467 5398 5351 5217 5175 5043 5013 4971 4893 4752 4716 4669 4561 4395 4240 4159 4043 3966 3896 3769 3696 3692 3622 3591 3541 3523
81 10222 10171 10082 9969 9884 9855 9810 9741 9703 9530 9428 9344 9243 9121 9049 8953 8875 8784 8755 8593 8497 8445 8354 8314 8150 8044 7927 7867 7824 7785 7728 7609 7579 7535 7488 7344 7265 7194 7176 7094 6963 6920 6823 6782 6669 6631 6561 6469 6322 6276 6085 6023 5978 5910 5775 5512 5447 5312 5227 5149 5106 5090 5015 4926 4836 4727 4517 4490 4391 4299 4229 4122 4020 3992 3956 3845 3828 3717 3663 3538 3384